,0,1
0,0.0,0.0
1,0.0,0.0
2,0.0,0.0
3,0.0003247872474885612,0.0
4,0.0007636567596722483,0.0
5,0.0007811163062690657,0.0
6,0.00034224679408537936,0.0
7,0.0,0.0
8,0.0,0.0
9,0.0,0.0
10,0.0004214099655868654,0.0
11,0.0008602794777705516,0.0
12,0.0006844935881707623,0.0
13,0.00024562407598707607,0.0
14,0.00019324543619661015,0.0
15,0.0006321149483802963,0.0
16,0.0009126581175610176,0.0
17,0.0004737886053773313,0.0
18,3.491909319364514e-05,0.0
19,0.0,0.0
20,0.0,0.0
21,0.0002898681542949134,0.0
22,0.0007287376664785997,0.0
23,0.0008160353994627142,0.0
24,0.0003771658872790281,0.0
25,0.0,0.0
26,0.0,0.0
27,0.0,0.0
28,0.0003864908723932167,0.0
29,0.000825360384576903,0.0
30,0.000719412681364411,0.0
31,0.0002805431691807248,0.0
32,0.0,0.0
33,0.0,0.0
34,4.424407830783383e-05,0.0
35,0.00048311359049152007,0.0
36,0.0009219831026752063,0.0
37,0.0009935123130163446,0.0
38,0.0009955233587076913,0.0
39,0.0007414170821253589,0.0
40,0.00030254756994167265,0.0
41,0.00014541165057026066,0.0
42,0.0005842811627539468,0.0
43,0.0009963664497512632,0.0
44,0.0009963714722142475,0.0
45,0.0009963764946772317,0.0
46,0.0006448057145209337,0.0
47,0.00020593620233724745,0.0
48,3.4679489199629845e-06,0.0
49,1.4569032286164657e-06,0.0
50,0.00012341860030319095,0.0
51,0.0005622881124868771,0.0
52,0.000982507654442193,0.0
53,0.0005436381422585069,0.0
54,0.00010476863007482059,0.0
55,7.526882817761493e-09,0.0
56,2.5044198334816373e-09,0.0
57,0.0002200299679076161,0.0
58,0.0006588994800913023,0.0
59,0.0008858735858500116,0.0
60,0.0004470040736663218,0.0
61,8.134561482632118e-06,0.0
62,0.0,0.0
63,0.0,0.0
64,0.00031665268600593706,0.0
65,0.0007555221981896268,0.0
66,0.0007892508677516836,0.0
67,0.00035038135556799386,0.0
68,0.0,0.0
69,0.0,0.0
70,0.0,0.0
71,0.00041327540410426503,0.0
72,0.0008521449162879548,0.0
73,0.0006926281496533556,0.0
74,0.0002537586374696659,0.0
75,0.0,0.0
76,0.0,0.0
77,7.102861001890323e-05,0.0
78,0.0005098981222025929,0.0
79,0.0009487676343862826,0.0
80,0.0005960054315550276,0.0
81,0.00015713591937133794,0.0
82,0.0,0.0
83,0.0,0.0
84,0.0001676513281172312,0.0
85,0.000606520840300921,0.0
86,0.0009382522256403894,0.0
87,0.0004993827134566997,0.0
88,6.051320127300997e-05,0.0
89,0.0,0.0
90,0.0,0.0
91,0.0002642740462155592,0.0
92,0.000703143558399249,0.0
93,0.0008416295075420615,0.0
94,0.0004027599953583717,0.0
95,3.610951682531799e-05,0.0
96,0.00047497902900900775,0.0
97,0.0009138485411926974,0.0
98,0.0006309245247486129,0.0
99,0.00019205501256492317,0.0
100,0.0002468144996187666,0.0
101,0.0006856840118024564,0.0
102,0.0009924295121942865,0.0
103,0.0009944405578856332,0.0
104,0.0009777161729980983,0.0
105,0.0005388466608144085,0.0
106,9.997714863071874e-05,0.0
107,2.9711109038513923e-06,0.0
108,9.600652125048576e-07,0.0
109,0.00022935495302197395,0.0
110,0.0006682244652056637,0.0
111,0.0008765486007356468,0.0
112,0.00043767908855195695,0.0
113,1.190423631732755e-06,0.0
114,0.0004400599358154225,0.0
115,0.0008789294479991122,0.0
116,0.0006658436179421981,0.0
117,0.0002269741057585084,0.0
118,0.0,0.0
119,0.0,0.0
120,9.781314173006072e-05,0.0
121,0.0005366826539137504,0.0
122,0.0009755521660974402,0.0
123,0.000993757784235452,0.0
124,0.0009957688299267985,0.0
125,0.0006878480187031143,0.0
126,0.00024897850651942456,0.0
127,0.00019898071399251224,0.0
128,0.000637850226176202,0.0
129,0.0009963670628005425,0.0
130,0.0009963720852635266,0.0
131,0.0009963771077265112,0.0
132,0.0005912366510986716,0.0
133,0.00015236713891498177,0.0
134,3.2224777008555313e-06,0.0
135,1.2114320095089962e-06,0.0
136,0.00017698766372546714,0.0
137,0.000615857175909157,0.0
138,0.0009289385910199098,0.0
139,0.00049006907883622,0.0
140,5.119956665253027e-05,0.0
141,0.0003876926465189157,0.0
142,0.0008265621587026054,0.0
143,0.000993086361079149,0.0
144,0.0009950974067704955,0.0
145,0.0008368607270857053,0.0
146,0.0003979912149020156,0.0
147,4.348008698091789e-06,0.0
148,2.336963006745254e-06,0.0
149,3.259173153987189e-07,0.0
150,0.00037023309992212307,0.0
151,0.0008091026121058129,0.0
152,0.0007356931548232539,0.0
153,0.00029682364263956405,0.0
154,9.72477801160236e-09,0.0
155,4.702315027322463e-09,0.0
156,2.79749553428832e-05,0.0
157,0.00046684446752657296,0.0
158,0.0009057139797102626,0.0
159,0.0006390590862310477,0.0
160,0.00020018957404735797,0.0
161,0.0,0.0
162,0.0,0.0
163,0.00012459767344121116,0.0
164,0.0005634671856249009,0.0
165,0.0009813058803164094,0.0
166,0.0005424363681327198,0.0
167,0.00010356685594903,0.0
168,0.0,0.0
169,0.0,0.0
170,0.00022122039153953913,0.0
171,0.0006600899037232289,0.0
172,0.0008846831622180816,0.0
173,0.00044581365003439175,0.0
174,6.944137850702038e-06,0.0
175,0.0,0.0
176,0.0,0.0
177,0.0003178431096378671,0.0
178,0.0007567126218215568,0.0
179,0.0007880604441197535,0.0
180,0.0003491909319360638,0.0
181,0.0,0.0
182,0.0,0.0
183,0.0,0.0
184,0.00041446582773619505,0.0
185,0.0008533353399198849,0.0
186,0.0009931977461948248,0.0
187,0.000995208791886171,0.0
188,0.0009963682752757838,0.0
189,0.000996373297738768,0.0
190,0.0009963774937205017,0.0
191,0.0009963774937205017,0.0
192,0.0009963774937205017,0.0
193,0.0013933837748599043,0.0
194,0.0018322532870435938,0.0
195,0.002841051549989138,0.0
196,0.004163990064054728,0.0
197,0.0056565820195159525,0.0
198,0.0074204998665619365,0.0
199,0.009128605159495148,0.0
200,0.010445213696046217,0.0
201,0.011761822232597285,0.0
202,0.012326636275727415,0.0
203,0.01277394558622233,0.0
204,0.013484166823585435,0.0
205,0.014366125747108424,0.0
206,0.016003540098266794,0.0
207,0.019075626683552623,0.0
208,0.02218644782239021,0.0
209,0.025714283516482174,0.0
210,0.02924211921057414,0.0
211,0.0335080548608615,0.0
212,0.037930508145694486,0.0
213,0.042829894557433384,0.0
214,0.04809632870363767,0.0
215,0.053640909909918905,0.0
216,0.05981884227373546,0.0
217,0.06599677463755202,0.0
218,0.07217470700136856,0.0
219,0.07835263936518513,0.0
220,0.0848751993703507,0.0
221,0.09149200124635096,0.0
222,0.09810880312235119,0.0
223,0.10472560499835144,0.0
224,0.11145886998631048,0.0
225,0.11851454137449441,0.0
226,0.12557735530446934,0.0
227,0.1339496352292043,0.0
228,0.14232191515393935,0.0
229,0.15099619946902346,0.0
230,0.1597735938336925,0.0
231,0.16900994029298813,0.0
232,0.17873258794751912,0.0
233,0.18854662350853807,0.0
234,0.19867438148200783,0.0
235,0.2088021394554776,0.0
236,0.22023386916079524,0.0
237,0.23171199486406097,0.0
238,0.24285658828469772,0.0
239,0.2538620852825349,0.0
240,0.26447632971345136,0.0
241,0.2746040876869212,0.0
242,0.28456875762286055,0.0
243,0.2938187765719629,0.0
244,0.3030687955210653,0.0
245,0.31238131934174757,0.0
246,0.3216988484353492,0.0
247,0.33214041763878055,0.0
248,0.3431459146366177,0.0
249,0.3543432835049233,0.0
250,0.365821409208189,0.0
251,0.37754601365056395,0.0
252,0.3907120990160747,0.0
253,0.4038781843815853,0.0
254,0.41710409616550487,0.0
255,0.4303376999175053,0.0
256,0.44357130366950576,0.0
257,0.4568049074215062,0.0
258,0.46956875169426554,0.0
259,0.48151950610295985,0.0
260,0.4934630874461816,0.0
261,0.505346323468386,0.0
262,0.5172295594905907,0.0
263,0.5302556021991343,0.0
264,0.5434892059511347,0.0
265,0.557504774055087,0.0
266,0.5720719978121097,0.0
267,0.5871956405263803,0.0
268,0.6034675716704218,0.0
269,0.6196542501682291,0.0
270,0.6346433319689644,0.0
271,0.6496324137696997,0.0
272,0.6632056850645812,0.0
273,0.6764392888165818,0.0
274,0.6901526332921187,0.0
275,0.7042639760684866,0.0
276,0.7187623591435406,0.0
277,0.7342240696497044,0.0
278,0.7497308025880914,0.0
279,0.7668804727565003,0.0
280,0.784030142924909,0.0
281,0.8019045674191843,0.0
282,0.8199994949984504,0.0
283,0.836965259977615,0.0
284,0.8528320808027177,0.0
285,0.8686989016278202,0.0
286,0.8845657224529229,0.0
287,0.9004325432780256,0.0
288,0.9367557564070093,0.0
289,0.97335072188448,0.0
290,0.9970861818670763,0.0
291,1.0159913300842198,0.0
292,1.0339190184050842,0.0
293,1.050731096641044,0.0
294,1.0676969531912615,0.0
295,1.085251733678609,0.0
296,1.1028065141659567,0.0
297,1.1225354965835375,0.0
298,1.1423859022115381,0.0
299,1.1628858518108345,0.0
300,1.1836815148496924,0.0
301,1.2036695212400303,0.0
302,1.222574669457174,0.0
303,1.24147982318885,0.0
304,1.2603850043739557,0.0
305,1.2792901855590615,0.0
306,1.2999106457136458,0.0
307,1.3207063087525037,0.0
308,1.3422887502408036,0.0
309,1.3642997442364777,0.0
310,1.3856306095306279,0.0
311,1.4058861254775674,0.0
312,1.4260899953531043,0.0
313,1.445940400981105,0.0
314,1.4657908066091059,0.0
315,1.4879842101335654,0.0
316,1.510535351221158,0.0
317,1.5333326352873469,0.0
318,1.5562888866938787,0.0
319,1.5789165201307207,0.0
320,1.600927514126395,0.0
321,1.623021410444723,0.0
322,1.6459776618512543,0.0
323,1.6689339132577858,0.0
324,1.6932314973839888,0.0
325,1.7178081900662754,0.0
326,1.7420015052918196,0.0
327,1.7659030141092082,0.0
328,1.789638229902366,0.0
329,1.8129995916278365,0.0
330,1.8364839027478774,0.0
331,1.8624109631599604,0.0
332,1.8883380235720428,0.0
333,1.914371489542581,0.0
334,1.940433586727643,0.0
335,1.9659965606505514,0.0
336,1.9911134004247562,0.0
337,2.016592251077702,0.0
338,2.043059458581703,0.0
339,2.0695233695279542,0.0
340,2.095585466713016,0.0
341,2.1216475638980783,0.0
342,2.1466993271804204,0.0
343,2.171411056635687,0.0
344,2.197375478035596,0.0
345,2.2246529061774747,0.0
346,2.2522386235162575,0.0
347,2.280866419387932,0.0
348,2.3094942152596065,0.0
349,2.337337430387006,0.0
350,2.365155005620803,0.0
351,2.3942161767417494,0.0
352,2.423789230024281,0.0
353,2.4527566638690192,0.0
354,2.4809792834858304,0.0
355,2.509100088526669,0.0
356,2.5367826269874865,0.0
357,2.5644651654483037,0.0
358,2.594279355825446,0.0
359,2.6242575194269167,0.0
360,2.673738118671822,0.0
361,2.7328842252368855,0.0
362,2.780661847167468,0.0
363,2.8119903784987343,0.0
364,2.8431180639967693,0.0
365,2.8730962275982397,0.0
366,2.90307439119971,0.0
367,2.9341327268902884,0.0
368,2.965326221448575,0.0
369,2.9966046328925837,0.0
370,3.0279331642238496,0.0
371,3.059112251603825,0.0
372,3.090035672616153,0.0
373,3.121135642610155,0.0
374,3.1536795048982373,0.0
375,3.1862233671863205,0.0
376,3.2173914660404637,0.0
377,3.2483148870527914,0.0
378,3.2794769422177312,0.0
379,3.310805473548998,0.0
380,3.342711757149472,0.0
381,3.3757957665294733,0.0
382,3.408870435662518,0.0
383,3.4418194082695397,0.0
384,3.4747683808765615,0.0
385,3.508591551760741,0.0
386,3.5426208185515993,0.0
387,3.576130877496981,0.0
388,3.6092148868769813,0.0
389,3.642416107199172,0.0
390,3.6759052268981116,0.0
391,3.7094221231484585,0.0
392,3.7438565002582553,0.0
393,3.7782908773680526,0.0
394,3.813244767560155,0.0
395,3.8483543285348505,0.0
396,3.884014292558908,0.0
397,3.920204147717439,0.0
398,3.9562592102924543,0.0
399,3.9919089183590675,0.0
400,4.027558626425681,0.0
401,4.064544661327977,0.0
402,4.101544737124387,0.0
403,4.1383477520242415,0.0
404,4.1750777542746915,0.0
405,4.212315182229036,0.0
406,4.250125478663322,0.0
407,4.295470485164703,0.0
408,4.369200563211563,0.0
409,4.442930641258424,0.0
410,4.482286901182202,0.0
411,4.519827124070529,0.0
412,4.557181030398669,0.0
413,4.594451179741038,0.0
414,4.632069665352225,0.0
415,4.670150035332472,0.0
416,4.70804677483662,0.0
417,4.74504685063303,0.0
418,4.782046926429439,0.0
419,4.819784332309055,0.0
420,4.857594628743342,0.0
421,4.894702636282347,0.0
422,4.931432638532798,0.0
423,4.968478744042964,0.0
424,5.0060189669312924,0.0
425,5.043418536688992,0.0
426,5.079878465393483,0.0
427,5.116338394097974,0.0
428,5.153738452234605,0.0
429,5.191278675122931,0.0
430,5.2279947585739945,0.0
431,5.264184613732525,0.0
432,5.300469092307929,0.0
433,5.336929021012422,0.0
434,5.373364530770622,0.0
435,5.409554385929154,0.0
436,5.445744241087686,0.0
437,5.482158384267886,0.0
438,5.518618312972377,0.0
439,5.554770074574695,0.0
440,5.590689856187269,0.0
441,5.626693516880346,0.0
442,5.662883372038877,0.0
443,5.699086901807332,0.0
444,5.735546830511823,0.0
445,5.772006759216314,0.0
446,5.808253144235506,0.0
447,5.844442999394038,0.0
448,5.8810628721967255,0.0
449,5.9180629479931355,0.0
450,5.9550630237895446,0.0
451,5.9920630995859545,0.0
452,6.029069035929474,0.0
453,6.066609258817802,0.0
454,6.10414948170613,0.0
455,6.140878507198726,0.0
456,6.177338435903217,0.0
457,6.214328744121114,0.0
458,6.251868967009442,0.0
459,6.28928440908223,0.0
460,6.32628448487864,0.0
461,6.363284560675049,0.0
462,6.4015959338871955,0.0
463,6.439946377413401,0.0
464,6.477144490864212,0.0
465,6.513874493114662,0.0
466,6.550970046991066,0.0
467,6.588510269879393,0.0
468,6.625843908482111,0.0
469,6.662303837186602,0.0
470,6.698763765891093,0.0
471,6.736229755182705,0.0
472,6.773769978071034,0.0
473,6.810947579606964,0.0
474,6.847947655403373,0.0
475,6.884947731199782,0.0
476,6.921947806996191,0.0
477,6.9589069810575666,0.0
478,6.995636983308017,0.0
479,7.032366985558467,0.0
480,7.068856216998505,0.0
481,7.1053161457029965,0.0
482,7.1424583397668115,0.0
483,7.179998562655141,0.0
484,7.2166355287202215,0.0
485,7.251745089694918,0.0
486,7.287035595061621,0.0
487,7.32376559731207,0.0
488,7.360495599562521,0.0
489,7.428279175809123,0.0
490,7.501469106764063,0.0
491,7.552443779237516,0.0
492,7.588093487304128,0.0
493,7.635751944776977,0.0
494,7.707591508002121,0.0
495,7.776907373128172,0.0
496,7.813637375378623,0.0
497,7.850367377629073,0.0
498,7.887755226292558,0.0
499,7.9252954491808865,0.0
500,7.9619412060666335,0.0
501,7.997860987679207,0.0
502,8.034254008470871,0.0
503,8.071794231359197,0.0
504,8.109317116795658,0.0
505,8.14631719259207,0.0
506,8.183317268388478,0.0
507,8.221151495390131,0.0
508,8.25923186537038,0.0
509,8.296758902027706,0.0
510,8.333758977824116,0.0
511,8.370759053620526,0.0
512,8.407759129416936,0.0
513,8.444759205213344,0.0
514,8.481223285138704,0.0
515,8.517683213843195,0.0
516,8.55532990333735,0.0
517,8.593410273317595,0.0
518,8.649097924519822,0.0
519,8.724448443842439,0.0
520,8.791822514359554,0.0
521,8.829632810793841,0.0
522,8.867443107228127,0.0
523,8.904996150063257,0.0
524,8.942536372951585,0.0
525,8.979702497582759,0.0
526,9.016702573379169,0.0
527,9.069593522662888,0.0
528,9.143323600709747,0.0
529,9.210570692706158,0.0
530,9.246760547864689,0.0
531,9.282950403023221,0.0
532,9.319879785970127,0.0
533,9.356879861766535,0.0
534,9.39264580401748,0.0
535,9.427755364992176,0.0
536,9.463289327253381,0.0
537,9.499479182411914,0.0
538,9.5356331417194,0.0
539,9.571552923331971,0.0
540,9.607472704944545,0.0
541,9.64433554626281,0.0
542,9.681335622059223,0.0
543,9.717839016488107,0.0
544,9.754028871646637,0.0
545,9.790314082790431,0.0
546,9.82677401149492,0.0
547,9.863334546258129,0.0
548,9.900874769146455,0.0
549,9.938414992034783,0.0
550,9.975505173742997,0.0
551,10.012505249539409,0.0
552,10.049814957574766,0.0
553,10.087355180463094,0.0
554,10.124726180053637,0.0
555,10.161726255850047,0.0
556,10.198755146003078,0.0
557,10.236295368891406,0.0
558,10.273835591779735,0.0
559,10.310947262160685,0.0
560,10.347947337957095,0.0
561,10.385091485536611,0.0
562,10.42236163487898,0.0
563,10.459484049596297,0.0
564,10.496214051846747,0.0
565,10.532955042623028,0.0
566,10.570495265511354,0.0
567,10.608035488399677,0.0
568,10.64516864745336,0.0
569,10.682168723249768,0.0
570,10.719435453939655,0.0
571,10.756975676827981,0.0
572,10.794389653763988,0.0
573,10.831389729560396,0.0
574,10.868389805356802,0.0
575,10.90538988115321,0.0
576,10.942389956949617,0.0
577,10.979775607907934,0.0
578,11.017315830796257,0.0
579,11.054610887463838,0.0
580,11.091610963260246,0.0
581,11.128611039056654,0.0
582,11.16561111485306,0.0
583,11.202611190649469,0.0
584,11.237845532439694,0.0
585,11.272955093414389,0.0
586,11.308792827367427,0.0
587,11.344982682525957,0.0
588,11.381060698910481,0.0
589,11.416980480523051,0.0
590,11.453066799349317,0.0
591,11.490066875145724,0.0
592,11.527066950942132,0.0
593,11.562859509844532,0.0
594,11.598509217911143,0.0
595,11.634501523794194,0.0
596,11.670691378952725,0.0
597,11.706881234111254,0.0
598,11.743071089269783,0.0
599,11.779230054461257,0.0
600,11.815149836073827,0.0
601,11.851069617686397,0.0
602,11.888143194511137,0.0
603,11.925413343853505,0.0
604,11.962201829480314,0.0
605,11.998661758184802,0.0
606,12.035483087294374,0.0
607,12.073023310182698,0.0
608,12.110563533071025,0.0
609,12.148103755959351,0.0
610,12.185643978847674,0.0
611,12.223404216442066,0.0
612,12.26121451287635,0.0
613,12.298874999075153,0.0
614,12.336415221963478,0.0
615,12.373955444851802,0.0
616,12.411495667740127,0.0
617,12.449017088039811,0.0
618,12.486017163836216,0.0
619,12.523017239632624,0.0
620,12.560645126538128,0.0
621,12.598455422972414,0.0
622,12.635848521709347,0.0
623,12.672848597505753,0.0
624,12.709848673302162,0.0
625,12.746848749098568,0.0
626,12.783848824894974,0.0
627,12.82138636169921,0.0
628,12.858926584587534,0.0
629,12.896069755409195,0.0
630,12.933069831205604,0.0
631,12.969941585439258,0.0
632,13.00667158768971,0.0
633,13.043459707032326,0.0
634,13.080459782828733,0.0
635,13.11745985862514,0.0
636,13.154459934421546,0.0
637,13.191460010217952,0.0
638,13.228084522620433,0.0
639,13.264544451324921,0.0
640,13.301121957255795,0.0
641,13.337851959506239,0.0
642,13.374392470733486,0.0
643,13.410042178800097,0.0
644,13.445691886866706,0.0
645,13.481836078595675,0.0
646,13.518025933754206,0.0
647,13.554215788912735,0.0
648,13.590405644071266,0.0
649,13.626915997899841,0.0
650,13.663916073696246,0.0
651,13.700806264234354,0.0
652,13.736996119392884,0.0
653,13.773185974551414,0.0
654,13.810085322194375,0.0
655,13.847085397990782,0.0
656,13.88408547378719,0.0
657,13.921085549583598,0.0
658,13.958277802487297,0.0
659,13.995818025375625,0.0
660,14.03335824826395,0.0
661,14.070898471152276,0.0
662,14.1084386940406,0.0
663,14.145075904295153,0.0
664,14.181535832999641,0.0
665,14.218617956455578,0.0
666,14.256158179343903,0.0
667,14.293527713797667,0.0
668,14.330527789594075,0.0
669,14.36755814488388,0.0
670,14.405098367772206,0.0
671,14.44263859066053,0.0
672,14.479318778260552,0.0
673,14.51577870696504,0.0
674,14.553107461778495,0.0
675,14.59118783175874,0.0
676,14.628969802215332,0.0
677,14.66596987801174,0.0
678,14.70298314003914,0.0
679,14.740793436473425,0.0
680,14.77860373290771,0.0
681,14.81559697139916,0.0
682,14.852326973649609,0.0
683,14.889191035915182,0.0
684,14.926191111711589,0.0
685,14.971747830477083,0.0
686,15.044937761432022,0.0
687,15.118127692386958,0.0
688,15.155451075032373,0.0
689,15.19191100373686,0.0
690,15.227596851843984,0.0
691,15.262976486364636,0.0
692,15.315003737517841,0.0
693,15.386843300742981,0.0
694,15.451725295696807,0.0
695,15.488185224401295,0.0
696,15.524645153105784,0.0
697,15.560852101526718,0.0
698,15.597041956685246,0.0
699,15.633597363469722,0.0
700,15.670327365720173,0.0
701,15.706832225285835,0.0
702,15.743022080444366,0.0
703,15.779339036218326,0.0
704,15.816339112014731,0.0
705,15.85333918781114,0.0
706,15.890339263607547,0.0
707,15.927339339403956,0.0
708,15.964339415200364,0.0
709,16.00133949099677,0.0
710,16.038339566793177,0.0
711,16.075339642589583,0.0
712,16.112339718385993,0.0
713,16.1493397941824,0.0
714,16.186339869978806,0.0
715,16.224265912218495,0.0
716,16.262346282198738,0.0
717,16.299781503618025,0.0
718,16.33678157941443,0.0
719,16.373963820550156,0.0
720,16.41150404343848,0.0
721,16.449002509928654,0.0
722,16.48600258572506,0.0
723,16.52300266152147,0.0
724,16.561106473690142,0.0
725,16.599456917216344,0.0
726,16.637054646723193,0.0
727,16.674054722519596,0.0
728,16.711295813315875,0.0
729,16.74910610975016,0.0
730,16.78688600459632,0.0
731,16.823886080392725,0.0
732,16.860886156189135,0.0
733,16.898726243737883,0.0
734,16.93680661371813,0.0
735,16.974327789828354,0.0
736,17.01132786562476,0.0
737,17.04832794142117,0.0
738,17.085328017217577,0.0
739,17.122328093013984,0.0
740,17.15932816881039,0.0
741,17.1963282446068,0.0
742,17.232730544598052,0.0
743,17.268920399756578,0.0
744,17.305110254915107,0.0
745,17.34130011007364,0.0
746,17.37737226591106,0.0
747,17.41302197397767,0.0
748,17.448671682044278,0.0
749,17.485356265054623,0.0
750,17.52208626730507,0.0
751,17.55768518396341,0.0
752,17.592794744938104,0.0
753,17.628614164681416,0.0
754,17.665344166931863,0.0
755,17.70188174788556,0.0
756,17.73753145595217,0.0
757,17.77318116401878,0.0
758,17.81007074408322,0.0
759,17.84707081987963,0.0
760,17.884070895676036,0.0
761,17.921070971472442,0.0
762,17.958286178185652,0.0
763,17.99582640107398,0.0
764,18.03329190198666,0.0
765,18.070291977783068,0.0
766,18.107292053579478,0.0
767,18.14476658950228,0.0
768,18.182306812390603,0.0
769,18.219512984093697,0.0
770,18.256513059890107,0.0
771,18.293513135686513,0.0
772,18.33051321148292,0.0
773,18.367593137233683,0.0
774,18.40540343366797,0.0
775,18.443213730102254,0.0
776,18.48011808362922,0.0
777,18.516848085879666,0.0
778,18.55404693189886,0.0
779,18.591587154787188,0.0
780,18.628783070532844,0.0
781,18.665242999237332,0.0
782,18.701814034147418,0.0
783,18.740164477673623,0.0
784,18.778514921199825,0.0
785,18.815570916383248,0.0
786,18.8523009186337,0.0
787,18.889176457804027,0.0
788,18.926176533600437,0.0
789,18.962950612048942,0.0
790,18.99914046720747,0.0
791,19.03604823938654,0.0
792,19.11004839097935,0.0
793,19.184048542572167,0.0
794,19.228734115429305,0.0
795,19.264113749949956,0.0
796,19.299762969637637,0.0
797,19.335682751250204,0.0
798,19.371602532862777,0.0
799,19.407522314475347,0.0
800,19.44344209608792,0.0
801,19.48041970645373,0.0
802,19.517419782250133,0.0
803,19.553837099893357,0.0
804,19.590026955051886,0.0
805,19.626340858457564,0.0
806,19.662800787162055,0.0
807,19.69909918453685,0.0
808,19.734748892603456,0.0
809,19.770398600670067,0.0
810,19.807570585848335,0.0
811,19.8448407351907,0.0
812,19.881560359388985,0.0
813,19.918020288093473,0.0
814,19.95493343244108,0.0
815,19.992473655329405,0.0
816,20.03001387821773,0.0
817,20.067554101106055,0.0
818,20.10509432399438,0.0
819,20.142391578367132,0.0
820,20.179661727709497,0.0
821,20.240773315260952,0.0
822,20.31531361394569,0.0
823,20.375598131787186,0.0
824,20.412598207583592,0.0
825,20.44956592827617,0.0
826,20.48629593052662,0.0
827,20.523025932777067,0.0
828,20.560684831744346,0.0
829,20.598495128178627,0.0
830,20.63614340490429,0.0
831,20.673683627792613,0.0
832,20.71149929639507,0.0
833,20.749849739921274,0.0
834,20.788092129610163,0.0
835,20.82509220540657,0.0
836,20.862092281202976,0.0
837,20.899978276370746,0.0
838,20.93805864635099,0.0
839,20.996258640841628,0.0
840,21.07025879243444,0.0
841,21.132909017792485,0.0
842,21.16909887295101,0.0
843,21.205277861678447,0.0
844,21.241197643291017,0.0
845,21.27711742490359,0.0
846,21.313247942022628,0.0
847,21.349437797181164,0.0
848,21.385487121303797,0.0
849,21.42140690291637,0.0
850,21.457467337659562,0.0
851,21.493927266364047,0.0
852,21.530387317163264,0.0
853,21.56711731941371,0.0
854,21.603847321664162,0.0
855,21.640777315084716,0.0
856,21.677777390881122,0.0
857,21.714128533179913,0.0
858,21.749778241246517,0.0
859,21.785725860457845,0.0
860,21.82272593625425,0.0
861,21.859726012050658,0.0
862,21.896726087847068,0.0
863,21.933726163643474,0.0
864,21.971104733107353,0.0
865,22.008644955995678,0.0
866,22.045709009431377,0.0
867,22.08216893813587,0.0
868,22.11877538051808,0.0
869,22.15604552986045,0.0
870,22.193315679202815,0.0
871,22.23033712157723,0.0
872,22.267337197373635,0.0
873,22.329327622801923,0.0
874,22.404137995032617,0.0
875,22.46367834548607,0.0
876,22.500408347736514,0.0
877,22.537214537099377,0.0
878,22.574484686441743,0.0
879,22.61175483578411,0.0
880,22.64902498512648,0.0
881,22.686295134468846,0.0
882,22.724404074616228,0.0
883,22.76302459168839,0.0
884,22.801059786618023,0.0
885,22.83805986241443,0.0
886,22.875032588990997,0.0
887,22.911762591241445,0.0
888,22.948492593491892,0.0
889,22.98476815915191,0.0
890,23.020958014310434,0.0
891,23.05777592476751,0.0
892,23.095046074109874,0.0
893,23.13188217668197,0.0
894,23.167801958294543,0.0
895,23.203754949674057,0.0
896,23.240214878378545,0.0
897,23.276674807083033,0.0
898,23.312918261828674,0.0
899,23.349108116987203,0.0
900,23.385005433169194,0.0
901,23.420655141235805,0.0
902,23.456609109373165,0.0
903,23.493339111623612,0.0
904,23.53003395059143,0.0
905,23.56514351156612,0.0
906,23.600253072540816,0.0
907,23.636185552005436,0.0
908,23.67237540716397,0.0
909,23.7088363126263,0.0
910,23.74556631487675,0.0
911,23.78249227917115,0.0
912,23.820032502059476,0.0
913,23.857572724947804,0.0
914,23.894582568322736,0.0
915,23.931582644119146,0.0
916,23.968582719915553,0.0
917,24.00558279571196,0.0
918,24.042582871508365,0.0
919,24.079582947304772,0.0
920,24.116692175791087,0.0
921,24.154232398679408,0.0
922,24.191772621567733,0.0
923,24.229058399035733,0.0
924,24.266328548378098,0.0
925,24.30378293867021,0.0
926,24.341323161558535,0.0
927,24.378521275009366,0.0
928,24.41525127725981,0.0
929,24.45206894352743,0.0
930,24.489339092869795,0.0
931,24.52660924221216,0.0
932,24.564123092638493,0.0
933,24.601663315526817,0.0
934,24.63885654518838,0.0
935,24.675856620984785,0.0
936,24.71306328106679,0.0
937,24.75060350395512,0.0
938,24.788077551499008,0.0
939,24.825077627295414,0.0
940,24.86207770309182,0.0
941,24.90000960587861,0.0
942,24.93808997585885,0.0
943,24.975519336731043,0.0
944,25.012519412527453,0.0
945,25.04961203613029,0.0
946,25.086882185472657,0.0
947,25.124107648143323,0.0
948,25.16083765039377,0.0
949,25.197567652644217,0.0
950,25.233853230072214,0.0
951,25.27004308523074,0.0
952,25.306232940389275,0.0
953,25.342422795547805,0.0
954,25.37861265070633,0.0
955,25.41480250586486,0.0
956,25.450980762023907,0.0
957,25.48690054363648,0.0
958,25.52282032524905,0.0
959,25.558951574936483,0.0
960,25.59514143009501,0.0
961,25.631613812462092,0.0
962,25.668343814712543,0.0
963,25.704931698695596,0.0
964,25.741121553854125,0.0
965,25.77731482766512,0.0
966,25.814584977007485,0.0
967,25.851855126349847,0.0
968,25.88872382821523,0.0
969,25.925453830465678,0.0
970,25.962705909787772,0.0
971,26.000516206222052,0.0
972,26.038145558264347,0.0
973,26.075145634060757,0.0
974,26.112145709857163,0.0
975,26.149405969526285,0.0
976,26.186676118868647,0.0
977,26.223376330004637,0.0
978,26.25983625870913,0.0
979,26.296775287139788,0.0
980,26.334315510028116,0.0
981,26.37175659199452,0.0
982,26.408756667790925,0.0
983,26.445756743587328,0.0
984,26.483255698456418,0.0
985,26.520795921344742,0.0
986,26.55815690916731,0.0
987,26.595427058509678,0.0
988,26.63269720785204,0.0
989,26.66996735719441,0.0
990,26.707315158785963,0.0
991,26.745125455220247,0.0
992,26.782935751654534,0.0
993,26.81955257208896,0.0
994,26.856012500793447,0.0
995,26.89297790168611,0.0
996,26.93024805102847,0.0
997,26.967026769076796,0.0
998,27.002946550689366,0.0
999,27.0390348230313,0.0
1000,27.076575045919625,0.0
1001,27.11411526880795,0.0
1002,27.150515737378257,0.0
1003,27.186705592536782,0.0
1004,27.22321094048136,0.0
1005,27.259940942731806,0.0
1006,27.29632077729249,0.0
1007,27.331970485359104,0.0
1008,27.36762019342571,0.0
1009,27.403269901492326,0.0
1010,27.438919609558937,0.0
1011,27.474569317625544,0.0
1012,27.51021902569216,0.0
1013,27.545868733758766,0.0
1014,27.58151844182538,0.0
1015,27.617475340236286,0.0
1016,27.654205342486733,0.0
1017,27.690928751621687,0.0
1018,27.727388680326175,0.0
1019,27.76384860903067,0.0
1020,27.80113438649863,0.0
1021,27.83867460938696,0.0
1022,27.87594231683471,0.0
1023,27.91294239263112,0.0
1024,27.949942468427526,0.0
1025,27.986942544223936,0.0
1026,28.023942620020335,0.0
1027,28.061208618141826,0.0
1028,28.098478767484195,0.0
1029,28.13574891682656,0.0
1030,28.17301906616893,0.0
1031,28.210414728895216,0.0
1032,28.24795495178354,0.0
1033,28.285384556845187,0.0
1034,28.322384632641594,0.0
1035,28.359384708438,0.0
1036,28.39638478423441,0.0
1037,28.433384860030817,0.0
1038,28.470754882863492,0.0
1039,28.50829510575182,0.0
1040,28.54583532864014,0.0
1041,28.58337555152847,0.0
1042,28.620915774416797,0.0
1043,28.658455997305126,0.0
1044,28.695996220193447,0.0
1045,28.733292009429427,0.0
1046,28.77056215877179,0.0
1047,28.807135391387085,0.0
1048,28.843325246545618,0.0
1049,28.880243274682442,0.0
1050,28.918323644662692,0.0
1051,28.95620109319931,0.0
1052,28.9926610219038,0.0
1053,29.029120950608288,0.0
1054,29.066515636576703,0.0
1055,29.104055859465024,0.0
1056,29.14077865812635,0.0
1057,29.17696851328488,0.0
1058,29.213438209567865,0.0
1059,29.25043828536427,0.0
1060,29.287322981639495,0.0
1061,29.32297268970611,0.0
1062,29.35862239777272,0.0
1063,29.39471799579856,0.0
1064,29.43090785095709,0.0
1065,29.46709770611562,0.0
1066,29.50328756127415,0.0
1067,29.539559952471127,0.0
1068,29.576019881175622,0.0
1069,29.612504473015846,0.0
1070,29.649504548812253,0.0
1071,29.68650462460866,0.0
1072,29.72329249976182,0.0
1073,29.760022502012266,0.0
1074,29.796894500435386,0.0
1075,29.833894576231785,0.0
1076,29.881017282021947,0.0
1077,29.956097727798603,0.0
1078,30.03095437393351,0.0
1079,30.067954449729918,0.0
1080,30.104954525526324,0.0
1081,30.14235751393649,0.0
1082,30.179897736824813,0.0
1083,30.21717545604055,0.0
1084,30.254175531836957,0.0
1085,30.291236654999075,0.0
1086,30.328506804341444,0.0
1087,30.36577695368381,0.0
1088,30.40304710302618,0.0
1089,30.44031725236854,0.0
1090,30.47796882565193,0.0
1091,30.515779122086215,0.0
1092,30.553227896020708,0.0
1093,30.590227971817114,0.0
1094,30.627228047613524,0.0
1095,30.66422812340993,0.0
1096,30.70122819920634,0.0
1097,30.738728619212196,0.0
1098,30.776268842100524,0.0
1099,30.813089194452274,0.0
1100,30.849549123156763,0.0
1101,30.886118815024812,0.0
1102,30.92284881727526,0.0
1103,30.959499702139745,0.0
1104,30.995689557298274,0.0
1105,31.031879412456803,0.0
1106,31.06926640645713,0.0
1107,31.106806629345456,0.0
1108,31.14282384255378,0.0
1109,31.177933403528485,0.0
1110,31.213637077466345,0.0
1111,31.250367079716792,0.0
1112,31.28703945325401,0.0
1113,31.32322930841254,0.0
1114,31.35941916357107,0.0005998346695704197
1115,31.395837702161597,0.0006541064395014716
1116,31.432297630866078,0.0006994221690150908
1117,31.46828212268634,0.0007605001251630764
1118,31.503931830752954,0.0008326772147051303
1119,31.53958153881956,0.0008905118441545726
1120,31.575231246886176,0.0009188085440318551
1121,31.61091709499328,0.0009460488545452488
1122,31.64710695015181,0.0009585568160852072
1123,31.683296805310334,0.0009710647776251652
1124,31.719486660468863,0.0010899676299010639
1125,31.7556765156274,0.0012343218089851718
1126,31.792605043911138,0.0012855791261394552
1127,31.830145266799462,0.001259743008860197
1128,31.867375369069944,0.0012582763369971967
1129,31.903835297774435,0.0013173303193497862
1130,31.94032452921444,0.0013732807639803622
1131,31.97786475210276,0.0013179176555248094
1132,32.01540497499109,0.0012625545470692568
1133,32.05232361360165,0.0013717365963686623
1134,32.089053615852094,0.0015308542710409175
1135,32.12633157925724,0.0016039837888543714
1136,32.16414187569153,0.0015935775749502256
1137,32.20188538630772,0.001596443642907926
1138,32.23942560919604,0.0016397088869231913
1139,32.27696583208437,0.0016829741309384565
1140,32.31477270986617,0.0016499145944945117
1141,32.35258300630045,0.0016158765352218385
1142,32.38980395146607,0.0016740141025780248
1143,32.42680402726248,0.001766696047103617
1144,32.46430908686811,0.0017790556914336582
1145,32.502389456848356,0.0016999069511972015
1146,32.5402456609017,0.0016328845337649132
1147,32.5772457366981,0.0016121746302315398
1148,32.61424581249451,0.0015914647266981664
1149,32.651757709405125,0.001657604934791028
1150,32.68929793229345,0.00172855173303407
1151,32.726652449095255,0.0017961147084377968
1152,32.763922598437624,0.0018621403915454703
1153,32.80130824939592,0.001883618214705103
1154,32.838848472284255,0.001845479134375041
1155,32.87638869517257,0.0017896630605627678
1156,32.913928918060904,0.0016461290756780015
1157,32.95146914094923,0.0015025950907932351
1158,32.98851903139608,0.0015712585455030684
1159,33.02551910719249,0.0016614799074306356
1160,33.06251918298889,0.001663630599751623
1161,33.0995192587853,0.0016179047731383332
1162,33.13599554818384,0.0016395451817943672
1163,33.17164525625046,0.0017674954768916447
1164,33.20750228117102,0.0018605026069197909
1165,33.244772430513386,0.0017153282336363415
1166,33.28204257985575,0.0015701538603528921
1167,33.31790619789191,0.0016812716347025445
1168,33.35355590595852,0.001831367173182043
1169,33.3895340488527,0.001877168595231279
1170,33.425723904011235,0.0018557410217734818
1171,33.46181974622655,0.0018905947504518697
1172,33.49773952783913,0.0020308480085999515
1173,33.533730734869565,0.0021604453656728457
1174,33.570460737120015,0.0021798224536322894
1175,33.607190739370466,0.002199199541591733
1176,33.64347338652491,0.0022395497961404946
1177,33.679663241683436,0.0022842503800046075
1178,33.71600656991939,0.0023897752975762803
1179,33.752466498623875,0.0025415112244544613
1180,33.78884315872153,0.002633946591616167
1181,33.82503301388006,0.0025933469787487616
1182,33.861222869038585,0.0025566850952406053
1183,33.89741272419712,0.002597489756657846
1184,33.93360257935564,0.002638294418075087
1185,33.971070033783974,0.002659295023350811
1186,34.00888033021826,0.0026749812374132174
1187,34.04640516917044,0.0027872741939499635
1188,34.0836753185128,0.002985761190190612
1189,34.121090516396116,0.003100112279848259
1190,34.1589008128304,0.002985285091940446
1191,34.19670878946479,0.002872796866505389
1192,34.234249012353125,0.0030302741527789613
1193,34.27178923524145,0.0031877514390525334
1194,34.30993602475557,0.0030615453544169374
1195,34.34828646828177,0.002840092920594726
1196,34.38571302097519,0.0028226615690867237
1197,34.42217294967968,0.003018687982729348
1198,34.45887999812057,0.0031661204856192836
1199,34.496420221008904,0.0031497166016324534
1200,34.53396044389722,0.0031333127176456227
1201,34.57071571975711,0.0031806762444058843
1202,34.607445722007554,0.003230092944916211
1203,34.6449415024136,0.0032354319938677975
1204,34.68275179884789,0.0032226677216405453
1205,34.71995589494058,0.003219430559373525
1206,34.75641582364508,0.003227888812054234
1207,34.7929267879473,0.0032400184256477192
1208,34.829656790197745,0.003267905028425331
1209,34.86638679244819,0.003295791631202943
1210,34.903367699371756,0.003259481444895977
1211,34.94036777516816,0.0032182666863790656
1212,34.977187150762035,0.003354991798703956
1213,35.013917153012486,0.0035797250093235334
1214,35.05075765099488,0.003643050156690546
1215,35.08775772679129,0.0034732699574268507
1216,35.124556346280855,0.003370666317846989
1217,35.16020605434747,0.003651172633900427
1218,35.19585576241408,0.003931678949953866
1219,35.232225951490925,0.0037366493059574285
1220,35.26868588019541,0.003482389204282919
1221,35.304805897167576,0.0035001368793389316
1222,35.340725678780146,0.0036781190205960423
1223,35.377144217370635,0.0037715814844738477
1224,35.414414366713,0.0037207294441146737
1225,35.45153678143036,0.0036956304524325533
1226,35.48745656304293,0.0038801740471630336
1227,35.523376344655496,0.004064717641893514
1228,35.55906671026769,0.004079000342893639
1229,35.59471641833431,0.004063109080281397
1230,35.630366126400915,0.004049484290111821
1231,35.66601583446753,0.0040374376878089925
1232,35.702021570770995,0.004049634345416677
1233,35.738751573021446,0.004111148910367291
1234,35.77546277268326,0.004166153832751738
1235,35.81192270138774,0.004134166258977418
1236,35.84838263009224,0.0041021786852031
1237,35.88527990212474,0.004223595977762854
1238,35.92227997792116,0.0043810732640364265
1239,35.959873922491276,0.004371272462475335
1240,35.99795429247152,0.004224457700793202
1241,36.035721611560376,0.004186737295849965
1242,36.07272168735678,0.004416391671665591
1243,36.109745937909985,0.0046388037642271064
1244,36.14755623434427,0.004625731919175101
1245,36.18536653077856,0.004612660074123096
1246,36.222553045229915,0.004666167850087838
1247,36.25955312102632,0.004739575230928904
1248,36.297104088250975,0.0047416702115968086
1249,36.33518445823122,0.004675234481450146
1250,36.372994754665534,0.0046807707922853084
1251,36.40999483046195,0.00490222322610752
1252,36.446994906258354,0.00512367565992973
1253,36.484797144440336,0.0049699671141048354
1254,36.522607440874616,0.004812489827831263
1255,36.55982618833507,0.004845740137285893
1256,36.59682626413149,0.004949494703502596
1257,36.63433425401067,0.004950865896163871
1258,36.67241462399092,0.0048368589024554
1259,36.710267897770706,0.004770439487194105
1260,36.74726797356711,0.004882806092503893
1261,36.78426804936352,0.004995172697813682
1262,36.8220380545364,0.00504888892899466
1263,36.85984835097068,0.0050995359208039995
1264,36.89709933144024,0.005041613876902978
1265,36.93409940723665,0.00493498863098858
1266,36.97098324884873,0.004920495072723939
1267,37.007713251099176,0.005027940512837679
1268,37.04435119392213,0.0051132294003863755
1269,37.080541049080665,0.005090674059904484
1270,37.1167309042392,0.005068118719422592
1271,37.152674860608606,0.00513106936580463
1272,37.18859464222117,0.005202426261147341
1273,37.225392895426445,0.005151061784817152
1274,37.262663044768814,0.005033774014311315
1275,37.299300255023425,0.005100055494536669
1276,37.33494996309003,0.005452739000253522
1277,37.370776098043535,0.005751092797726489
1278,37.40777617383994,0.005687937844377192
1279,37.444776249636355,0.005624782891027895
1280,37.480600553168976,0.005762303354418906
1281,37.51625026123559,0.005929622971084577
1282,37.552229869266554,0.005964568824419961
1283,37.58841972442508,0.005915152123909634
1284,37.624609579583606,0.005926231790661899
1285,37.66079943474214,0.006049260920563128
1286,37.69706291302369,0.006166439492521827
1287,37.73406298882011,0.006225083377774746
1288,37.77106306461651,0.006283727263027666
1289,37.80806314041292,0.006265870797319262
1290,37.845063216209326,0.006232447883696095
1291,37.882371703297345,0.006208859513810573
1292,37.91991192618567,0.006192660678373578
1293,37.95728414672355,0.006212750615943456
1294,37.99428422251995,0.006313224405362792
1295,38.03128429831636,0.006413090650390355
1296,38.06828437411277,0.00650167162391924
1297,38.10528444990918,0.0065902525974481235
1298,38.142711857265624,0.006533807144122709
1299,38.180252080153956,0.006439074714098764
1300,38.21779230304227,0.0064547876252517835
1301,38.255332525930605,0.006567974424760913
1302,38.29294600565779,0.0066352199669084825
1303,38.33075630209207,0.006579036664253588
1304,38.36855744142153,0.006524331898831301
1305,38.405557517217936,0.00659896957097138
1306,38.44255759301434,0.006673607243111458
1307,38.47955766881075,0.006619446987276873
1308,38.516557744607155,0.006522664071754575
1309,38.55355782040357,0.0065806531364905226
1310,38.590557896199975,0.006798824793515368
1311,38.627808022006334,0.006946183879388926
1312,38.665888391986584,0.006858423100059384
1313,38.70396876196682,0.0067706623207298405
1314,38.74047484247987,0.006959403021963841
1315,38.77693477118436,0.0071562496298058055
1316,38.813779054103414,0.007153203565012488
1317,38.85077912989982,0.007069133659579982
1318,38.88765723305953,0.007041645752011121
1319,38.92438723530998,0.007082860510528033
1320,38.9610654693943,0.007136456048570388
1321,38.99752539809879,0.007242261100285444
1322,39.033985326803275,0.007348066152000501
1323,39.07069689274927,0.00724906441094959
1324,39.10742689499971,0.007135057417241119
1325,39.143794031708325,0.007254122769555569
1326,39.17998388686685,0.007487057922168561
1327,39.21617374202538,0.007628831335370275
1328,39.252363597183916,0.007640416578435974
1329,39.28855345234244,0.00767989361537435
1330,39.324743307500974,0.007875099834817632
1331,39.36093316265951,0.008070306054260915
1332,39.39784569653343,0.007939229973870934
1333,39.43484577232984,0.007768629580407898
1334,39.470480340649836,0.00784788288426481
1335,39.50531982807857,0.008072616094884386
1336,39.54066173532715,0.008171622285474462
1337,39.57685159048568,0.008058435485965333
1338,39.61301116615082,0.00797780134880799
1339,39.64893094776339,0.008154963295865758
1340,39.68485072937596,0.008332125242923528
1341,39.72192125383236,0.008399902316889286
1342,39.759191403174725,0.00844870387175011
1343,39.79566183202618,0.00848414760742955
1344,39.83158161363875,0.008510393821808479
1345,39.86786035376173,0.008571524245167697
1346,39.90486042955813,0.00870275531706234
1347,39.94184097019752,0.008823426203250028
1348,39.97857097244796,0.00880866270766188
1349,40.01530097469841,0.008793899212073734
1350,40.05225038118126,0.008823778827426562
1351,40.089250456977666,0.008863968343194296
1352,40.12684733182133,0.00886213199067839
1353,40.164927701801574,0.0088262484944572
1354,40.202771085908125,0.008835406804386565
1355,40.24004123525049,0.008953514769091744
1356,40.27733775705481,0.009066430148104026
1357,40.31541812703506,0.00902501034103728
1358,40.353498497015295,0.008983590533970532
1359,40.390744227411425,0.009203565913712835
1360,40.42774430320783,0.009500476213874466
1361,40.46543665613148,0.00955350851731538
1362,40.503787099657686,0.009374706181858929
1363,40.54159153554495,0.009299125953799678
1364,40.57778139070348,0.009528780329615304
1365,40.613971245862004,0.00975843470543093
1366,40.65148494366987,0.009622313904653203
1367,40.689008286961574,0.009483528075250564
1368,40.725752337737106,0.00956425429361975
1369,40.762212266441594,0.009725012356690686
1370,40.79931075059149,0.009791910836556903
1371,40.83712104702577,0.009754181903387192
1372,40.874816330223055,0.009735620096615459
1373,40.91208647956543,0.009787907476823482
1374,40.94935662890779,0.009840194857031505
1375,40.98714152963791,0.009914954149286921
1376,41.0249518260722,0.009990822112726012
1377,41.0622006088366,0.010034574022605238
1378,41.099200684633,0.010064101013781534
1379,41.13584986017126,0.010102597303141815
1380,41.172039715329795,0.010152834197851483
1381,41.20827633277045,0.010176266000382938
1382,41.24473626147495,0.010071691239966894
1383,41.281196190179436,0.00996711647955085
1384,41.31740948752642,0.010214198128120444
1385,41.353599342684944,0.010494704544295245
1386,41.390318478504255,0.010508384582645228
1387,41.42731855430067,0.010380434287547948
1388,41.463893740431686,0.010440876519012515
1389,41.49981352204426,0.010791919636330688
1390,41.53587737543989,0.011084606418415978
1391,41.5728774512363,0.010998075930385447
1392,41.6098775270327,0.010911545442354917
1393,41.645698167723395,0.010993720595356339
1394,41.68134787579001,0.011100345841270738
1395,41.71782599660942,0.011125961336698444
1396,41.754826072405834,0.011100535316518854
1397,41.791539713962294,0.011143249932864587
1398,41.827729569120834,0.011310569549530256
1399,41.86404579232635,0.011467047641270723
1400,41.90158601521467,0.011518514827279403
1401,41.939126238103,0.011569982013288085
1402,41.97644131830654,0.011626406331417202
1403,42.01371146764891,0.01168381992537111
1404,42.05098161699128,0.011704355231735753
1405,42.088251766333656,0.011697486105316268
1406,42.12569138316323,0.011704030324334563
1407,42.16350167959752,0.011739913820555755
1408,42.20129744675878,0.011777485073984776
1409,42.238837669647104,0.011844740998330779
1410,42.27637789253543,0.011911996922676785
1411,42.31391811542375,0.01183991475616033
1412,42.351458338312085,0.011731649121847248
1413,42.38871017344475,0.011753879647617028
1414,42.42571024924116,0.01189003188470772
1415,42.46278431444482,0.011999781803555015
1416,42.50005446378718,0.01203956122222308
1417,42.53731704325622,0.01208195565878083
1418,42.57404704550666,0.012308329257799091
1419,42.61077704775711,0.01253470285681735
1420,42.64811801204368,0.012387512852603796
1421,42.685658234932006,0.012118489155219778
1422,42.7226646596545,0.012076420460315982
1423,42.75912458835899,0.012266705514563216
1424,42.79583749734698,0.01242078522423968
1425,42.83337772023531,0.012456463671911036
1426,42.87091794312364,0.012492142119582394
1427,42.907405709426946,0.012654471418144478
1428,42.943865638131435,0.012820150646411467
1429,43.00636837305172,0.012859798248162815
1430,43.079288230460705,0.012849033199296457
1431,43.135274769567125,0.012922532953944414
1432,43.17092447763374,0.013097234318404158
1433,43.20667918716937,0.013241522310938333
1434,43.2428690423279,0.013259771631873682
1435,43.27905889748643,0.013278020952809031
1436,43.31550112245484,0.01335969229077589
1437,43.35196105115933,0.01344581268170675
1438,43.41228463931281,0.013786225579759217
1439,43.48412420253794,0.014249353360631154
1440,43.54118493109158,0.014471865833838953
1441,43.577374786250104,0.014354578063333116
1442,43.6134393722142,0.014275206847262493
1443,43.64881900673486,0.014403157142359771
1444,43.68419864125551,0.014531107437457048
1445,43.72102802861728,0.014561921034130084
1446,43.75802810441368,0.014581298122089529
1447,43.795028180210096,0.014688850721384572
1448,43.8320282560065,0.014847148201857485
1449,43.86923076486762,0.014980700994360682
1450,43.90677098775595,0.015072972841786603
1451,43.94431121064427,0.015161712885530117
1452,43.9818514335326,0.01522322745048073
1453,44.01939165642093,0.015284742015431346
1454,44.0571627604464,0.015362032897151637
1455,44.09497305688069,0.015442001831587438
1456,44.13278335331497,0.015482567702291587
1457,44.17059364974926,0.01549630595513056
1458,44.20831347398755,0.015498950868219029
1459,44.24585369687588,0.015479573780259586
1460,44.28333311658798,0.015454849393208974
1461,44.320063118838426,0.015364217934181738
1462,44.35679312108888,0.0152735864751545
1463,44.393743260140106,0.015453379384195078
1464,44.43074333593652,0.015694516478801487
1465,44.468193208723534,0.0158073917194719
1466,44.50600350515782,0.01581749036055129
1467,44.54357461801324,0.015876665290949783
1468,44.580574693809645,0.01605300704380821
1469,44.61761286316221,0.01622087469259527
1470,44.65569323314245,0.01615689954504663
1471,44.6937736031227,0.016092924397497994
1472,44.73101640324528,0.016192378135260387
1473,44.76801647904168,0.016339192896942523
1474,44.80529493082576,0.01636997539335541
1475,44.842835153714084,0.0162916468473183
1476,44.87996147546289,0.016260769613286184
1477,44.91588125707546,0.016368215053399922
1478,44.95180103868803,0.01647566049351366
1479,44.98906508329376,0.01657575755720708
1480,45.02633523263613,0.016675821249526747
1481,45.06300943759434,0.016865170422140894
1482,45.09946936629883,0.017086622855963105
1483,45.17060908251972,0.01728850757944469
1484,45.279988868633176,0.017468815740189
1485,45.37358583510041,0.01761904109389727
1486,45.40977569025894,0.017659845755314513
1487,45.445965545417465,0.01770065041673175
1488,45.482155400576,0.017842768528396877
1489,45.51834525573453,0.017989583290079013
1490,45.55472301468473,0.01807191454696247
1491,45.591182943389235,0.018126047364119012
1492,45.62752517277262,0.01825810307972051
1493,45.66371502793115,0.0184910382323335
1494,45.700047367641226,0.018687913762042683
1495,45.73704744343764,0.018715800364820297
1496,45.774047519234045,0.018743686967597907
1497,45.810800231104565,0.01885721341352485
1498,45.847530233355,0.018978602155027398
1499,45.88461455451608,0.018971134939448034
1500,45.921884703858446,0.018896087170208284
1501,45.95894094323135,0.01897289027366903
1502,45.9956709454818,0.01928128329262144
1503,46.03254794978886,0.0195495250802022
1504,46.07035824622314,0.0195628532359415
1505,46.10816854265742,0.0195761813916808
1506,46.14526898032312,0.01961789412524567
1507,46.18226905611953,0.01966361995185896
1508,46.219601962153824,0.019664113291999324
1509,46.257142185042156,0.019636431737771545
1510,46.29448998663375,0.019639648738162006
1511,46.331490062430156,0.019698702720514594
1512,46.36849013822656,0.01976691825723724
1513,46.40549021402297,0.019921114766713446
1514,46.442490289819375,0.020075311276189653
1515,46.48039386662843,0.020134501339592895
1516,46.518474236608675,0.020175100952460303
1517,46.5559319234586,0.020278341414124677
1518,46.592931999255,0.020427616758404835
1519,46.63010300767541,0.020514469094802236
1520,46.66764323056373,0.02046648773414076
1521,46.705122406086396,0.020440962526803056
1522,46.74158233479088,0.020790365255722542
1523,46.778042263495365,0.02113976798464203
1524,46.814932454033446,0.02113571521676321
1525,46.85193252982985,0.02104139288383894
1526,46.88849782628762,0.02113060531789322
1527,46.92468768144616,0.02137830396609436
1528,46.96110170253158,0.021554677143676152
1529,46.99810177832798,0.02154457850259676
1530,47.03508830160925,0.021537927703742014
1531,47.07127815676777,0.02173395411738464
1532,47.1074680119263,0.021929980531027262
1533,47.14324909392398,0.02209435085987344
1534,47.178898801990584,0.02224854736934964
1535,47.215085238496584,0.022378701287472377
1536,47.25181524074703,0.022484506339187433
1537,47.288481265358215,0.02258302530771375
1538,47.3249411940627,0.0226580730769535
1539,47.361401122767184,0.02273312084619325
1540,47.39812489818632,0.02287187067390595
1541,47.43485490043677,0.023012123881993352
1542,47.47119761819909,0.023244705298041596
1543,47.507387473357625,0.02351372899542561
1544,47.54357732851616,0.02362230757908109
1545,47.57976718367468,0.02354028815914694
1546,47.61601027213611,0.0235143667594539
1547,47.652470200840604,0.023716954726691258
1548,47.68893012954509,0.02391954269392861
1549,47.726402467762675,0.023971474483622062
1550,47.763942690651,0.024013304387788478
1551,47.80111711772394,0.024230100402629753
1552,47.838117193520354,0.02453029147958875
1553,47.87545534962808,0.024744237579167286
1554,47.91326564606237,0.02483773971789222
1555,47.9509909645636,0.024933822576158504
1556,47.98826111390596,0.025043728598870267
1557,48.02553126324833,0.02515363462158203
1558,48.062801412590694,0.02517172162787064
1559,48.10007156193306,0.02517930842421455
1560,48.13751386484676,0.02536295424371077
1561,48.175054087735084,0.02564674143668294
1562,48.2125943106234,0.02581601082220449
1563,48.250134533511726,0.025796428685695212
1564,48.28761126713973,0.025797754641588313
1565,48.324611342936144,0.025956052122061226
1566,48.361611418732544,0.026114349602534143
1567,48.39907472194003,0.026302189647489062
1568,48.43661494482836,0.02649493528433432
1569,48.473993758481726,0.0265611510415229
1570,48.51126390782409,0.026542184050663126
1571,48.54862526193084,0.02658889651118994
1572,48.58616548481916,0.026764418069849024
1573,48.6236637071199,0.026923309931573026
1574,48.6606637829163,0.02688496585275381
1575,48.697663858712716,0.026846621773934595
1576,48.734663934509115,0.027063671318512058
1577,48.77166401030553,0.027337616181092126
1578,48.80926674569629,0.027495341157126308
1579,48.84734711567654,0.02756095669307363
1580,48.88494472308873,0.027666890409965308
1581,48.921404651793225,0.02786783798880398
1582,48.95788509241256,0.028058367024885147
1583,48.994885168208974,0.027984959644044082
1584,49.03188524400537,0.027911552263203014
1585,49.06804481967057,0.02812498648296158
1586,49.10396460128314,0.028420256394724536
1587,49.14002430345793,0.028648387552748567
1588,49.17621415861646,0.028814066781015554
1589,49.21226458159171,0.02896492541156978
1590,49.24791428965832,0.029073191045882865
1591,49.283563997724926,0.029181456680195943
1592,49.318674535457504,0.029491125227186728
1593,49.3537840964322,0.029801158634537823
1594,49.389093038103326,0.029971320379847864
1595,49.42447267262398,0.03009188892715107
1596,49.45985230714463,0.030254826153210967
1597,49.49523194166528,0.030463976475013956
1598,49.53084746320703,0.03064133760782692
1599,49.56730739191152,0.030704902658275884
1600,49.603767320616015,0.030768467708724854
1601,49.63945072682855,0.03098492556032058
1602,49.67510043489515,0.03120801838254148
1603,49.71207059748225,0.03140934194552211
1604,49.74961082037058,0.03160126738816803
1605,49.78691417947993,0.03186584601860702
1606,49.823914255276335,0.03222345068951992
1607,49.86110724074837,0.03251315133622762
1608,49.8991876107286,0.03249049347147081
1609,49.937267980708846,0.032467835606714
1610,49.97435596471197,0.032642299478220935
1611,50.01135604050837,0.03283422492086686
1612,50.04888979237589,0.0329278256905483
1613,50.08670008881017,0.03297047578891406
1614,50.124187322585094,0.033126935619075974
1615,50.1611873983815,0.03345501329881258
1616,50.19833740650806,0.03375508794676928
1617,50.23641777648831,0.033881397853467866
1618,50.274498146468545,0.03400770776016646
1619,50.3111544035013,0.03423204941333186
1620,50.34761433220578,0.03446990573114091
1621,50.38474285165961,0.034602431797729406
1622,50.422283074547934,0.03467009781917508
1623,50.45982329743626,0.03477294579640902
1624,50.49736352032459,0.03493862502467601
1625,50.53487700446674,0.03510495388234463
1626,50.572147153809105,0.035277194664206354
1627,50.609417303151474,0.03544943544606807
1628,50.646914060315396,0.035490403627223964
1629,50.684454283203706,0.03550619236556129
1630,50.72152529603914,0.03575508042510573
1631,50.75825529828958,0.036173379466769906
1632,50.795157698300805,0.03647197965622252
1633,50.832427847643174,0.03651524490023778
1634,50.869697996985536,0.036580623406714044
1635,50.9069681463279,0.03699728205997954
1636,50.94423829567027,0.03741394071324504
1637,50.981292581527455,0.037409072942277154
1638,51.01829265732386,0.037298346725366055
1639,51.05485575607647,0.03737739127273836
1640,51.091045611235,0.03761852836734477
1641,51.127310920937546,0.03786470676409038
1642,51.16377084964204,0.0381238881310823
1643,51.20023602841996,0.03838383481490167
1644,51.23696603067041,0.03868238550346199
1645,51.27369603292085,0.0389809361920223
1646,51.310220916022494,0.039250831994633154
1647,51.346680844726976,0.03951165375002376
1648,51.38273602939677,0.0397339612325954
1649,51.41838573746338,0.0399176847332479
1650,51.45397073532234,0.04012302546799164
1651,51.48935036984299,0.040396970330571706
1652,51.52473000436365,0.040670915193151774
1653,51.56116795601642,0.0408629021874469
1654,51.5976278847209,0.041053187241694135
1655,51.63428218823785,0.04131194738778961
1656,51.671012190488284,0.04159737496916046
1657,51.70811470376433,0.041800595509330726
1658,51.745654926652655,0.04190722075524512
1659,51.7830872177984,0.042079074429156045
1660,51.82008729359482,0.042512136966408376
1661,51.85708736939122,0.04294519950366069
1662,51.89434128013429,0.04310999624451506
1663,51.93161142947667,0.04325763120039654
1664,51.96851431786687,0.04350230121105739
1665,52.00524432011733,0.04379264995762429
1666,52.04242802638976,0.04403063976093437
1667,52.080238322824044,0.04419631898920136
1668,52.117875733118666,0.04438825036452602
1669,52.1546057353691,0.044717968432661306
1670,52.19133573761956,0.045047686500796595
1671,52.22879501170088,0.04524968750266386
1672,52.266335234589214,0.04543751197431307
1673,52.30318391291869,0.045726669733633395
1674,52.33964384162317,0.04607279168575551
1675,52.37671986034244,0.046355922575061013
1676,52.4148002303227,0.04653636529891615
1677,52.45278316870729,0.046722134093961795
1678,52.490053318049654,0.04694686730458137
1679,52.52732346739202,0.047171600515200945
1680,52.56482596300831,0.04748383050050106
1681,52.60236618589664,0.04781026779183899
1682,52.63990640878497,0.048039699691841846
1683,52.67744663167329,0.048204558725909494
1684,52.71498685456162,0.04844731655686962
1685,52.75252707744994,0.048841009772553554
1686,52.79004556747609,0.04921648666789633
1687,52.827315716818454,0.049383806284562
1688,52.864585866160816,0.04955112590122767
1689,52.900969607752955,0.04991226645453338
1690,52.93715946291149,0.050315802000609415
1691,52.973803510470944,0.05053519430833447
1692,53.01080358626734,0.05061024207757421
1693,53.04772246906736,0.05080574289206127
1694,53.08445247131781,0.051281455527679355
1695,53.12119346209408,0.05174709000854866
1696,53.158193537890476,0.0519751039959656
1697,53.19519361368689,0.05220311798338254
1698,53.231139401477336,0.052511817277377686
1699,53.26678910954395,0.05284317573391166
1700,53.30272012387178,0.05321895816269836
1701,53.338909979030305,0.053635616815963856
1702,53.37495893686878,0.05403302018678736
1703,53.41060864493539,0.054375861362112116
1704,53.44625932975979,0.05471872626818965
1705,53.48298933201025,0.055087813657893336
1706,53.51971933426068,0.05545690104759702
1707,53.55604910998149,0.05584665125011656
1708,53.59223896514001,0.05624362524259785
1709,53.62829891150431,0.05658773304694618
1710,53.66421869311688,0.05687480101671571
1711,53.70043699634775,0.05717020960507239
1712,53.73770714569011,0.05749500650801163
1713,53.77497729503248,0.057819803410950874
1714,53.811468724177736,0.0582675760495859
1715,53.84792865288222,0.058720323247622414
1716,53.885335426228984,0.059067252045404
1717,53.92314572266328,0.05936908351076169
1718,53.96071769018181,0.05972737044085586
1719,53.99798783952417,0.060157152201310814
1720,54.03525798886653,0.06057890451892444
1721,54.07252813820891,0.06096439419067316
1722,54.10979828755127,0.06134988386242188
1723,54.14706843689363,0.061756533944001255
1724,54.18433858623601,0.06216499065527333
1725,54.221965984762555,0.06251594552385405
1726,54.259776281196835,0.06283746164999592
1727,54.297044477023576,0.0631978309537916
1728,54.33350440572807,0.06361612999545578
1729,54.37011719703627,0.06402212686572144
1730,54.40765741992459,0.0643534853222554
1731,54.445197642812914,0.06468484377878939
1732,54.482737865701246,0.06518105681986264
1733,54.520278088589556,0.06569941955384648
1734,54.55798619173361,0.0661433455855243
1735,54.59579648816789,0.06654195996640429
1736,54.63331375724677,0.0669613387573905
1737,54.67031383304317,0.06741736673222438
1738,54.70734138015414,0.06787306099332457
1739,54.7446115294965,0.0683258081913611
1740,54.781881678838865,0.06877855538939762
1741,54.8189244877913,0.0692589192528782
1742,54.85592456358771,0.0697444742188884
1743,54.892610367545416,0.07024339108280282
1744,54.9290702962499,0.07075191148639456
1745,54.965617156403155,0.07119865480357741
1746,55.0023471586536,0.07151524976452323
1747,55.03901025299129,0.07185043702994486
1748,55.074659961057904,0.07246722306784967
1749,55.11030966912452,0.0730840091057545
1750,55.14639256929826,0.07362449186920016
1751,55.1825824244568,0.07414613537998137
1752,55.218772279615315,0.074676670507805
1753,55.25496213477385,0.07521471790257304
1754,55.291228177044786,0.07573980830543549
1755,55.327688105749274,0.0762319248250404
1756,55.36414205181194,0.07672651230944111
1757,55.40033190697048,0.07733017524015649
1758,55.436521762129,0.07793383817087184
1759,55.47229991385313,0.078499991677899
1760,55.50794962191973,0.07905444295665387
1761,55.54387062447959,0.07959900740985341
1762,55.580060479638114,0.08013377402782408
1763,55.61638122034872,0.08066377076415937
1764,55.653111222599165,0.08117885272134584
1765,55.689841224849616,0.08169393467853232
1766,55.72710185080289,0.08227669823046753
1767,55.764372000145265,0.0828606765003987
1768,55.801447042106794,0.08355367978877416
1769,55.83844711790321,0.08428857379138417
1770,55.87569699952011,0.08492939611717679
1771,55.91323722240843,0.0854608819583501
1772,55.95066804841741,0.08601761732220882
1773,55.987668124213826,0.08667377268168203
1774,56.02466820001023,0.08732992804115526
1775,56.062686545866825,0.08802009995390256
1776,56.10076691584707,0.0887123438581468
1777,56.13810983364946,0.08943594202165397
1778,56.175109909445865,0.09017411680106134
1779,56.21233830239004,0.0908734621335693
1780,56.249878525278376,0.0915197751626504
1781,56.28724293175349,0.09218157250897857
1782,56.32370286045797,0.09292302806518331
1783,56.36016278916245,0.09366448362138806
1784,56.39832948011771,0.0944207486515165
1785,56.43667992364391,0.09517860809170807
1786,56.474162273629624,0.09591748589471685
1787,56.51116234942603,0.09664581834373212
1788,56.54836925369747,0.09736912580550168
1789,56.58590947658579,0.09808433514732749
1790,56.623383279940256,0.09879147603265785
1791,56.660383355736656,0.09944106983853633
1792,56.69738343153307,0.10009066364441481
1793,56.7348496650141,0.10095544199858984
1794,56.77238988790242,0.10185437484106816
1795,56.80960436204728,0.10264053023956353
1796,56.846604437843695,0.10335245880459198
1797,56.88351184373895,0.10410716502078272
1798,56.920241845989395,0.10494376310411106
1799,56.95699431367041,0.10577353859555172
1800,56.99399438946682,0.10652811725894591
1801,57.03099446526323,0.1072826959223401
1802,57.06754987204775,0.10822093282679705
1803,57.10400980075224,0.10919860431241216
1804,57.140621859492086,0.11004691352305809
1805,57.17735186174254,0.11079493063285756
1806,57.213754161733846,0.11159867941937954
1807,57.24940386980046,0.1125304200298315
1808,57.285077020055475,0.11346073679502103
1809,57.32126687521401,0.11435966963749933
1810,57.35745673037253,0.11525860247997764
1811,57.393646585531066,0.11627577083995579
1812,57.4298364406896,0.11732561941511294
1813,57.46616768154712,0.11835142280336594
1814,57.50262761025161,0.11935534050335997
1815,57.53901635772769,0.12032121271577714
1816,57.575206212886215,0.12118077944057064
1817,57.611398998318236,0.12204103434564172
1818,57.64839907411465,0.12309088292079887
1819,57.685399149911056,0.12414073149595602
1820,57.72219837987425,0.12517594116198702
1821,57.75892838212471,0.12620610507636
1822,57.79552774301252,0.12723626899073293
1823,57.831987671717016,0.1282664329051059
1824,57.86868934798969,0.12928925511733508
1825,57.90622957087801,0.1302866112637344
1826,57.94376979376634,0.13128396741013368
1827,57.980789404719815,0.13251532066038907
1828,58.01778948051622,0.13375545428979344
1829,58.055169759306324,0.13483855558458496
1830,58.09270998219464,0.13585559639176842
1831,58.130130308056714,0.1369629386521615
1832,58.167400457399076,0.13818338762078167
1833,58.20472029929712,0.13937244673401614
1834,58.24226052218544,0.1404222953091733
1835,58.279800745073764,0.14147214388433044
1836,58.316093159806805,0.14277664718505634
1837,58.35228301496534,0.14410208101119223
1838,58.38954901308672,0.1454231572775498
1839,58.427359309521,0.14674202955009097
1840,58.46495130057551,0.14802642696916704
1841,58.50222144991787,0.14925999904497672
1842,58.53949159926024,0.15049073232929128
1843,58.5767617486026,0.15170461974431673
1844,58.614031897944976,0.1529185071593422
1845,58.65130204728734,0.1542310314550705
1846,58.6885721966297,0.15555646528120637
1847,58.72533650749975,0.15692286432214023
1848,58.76179643620423,0.15831391368422346
1849,58.79845318161577,0.15965236382916415
1850,58.83545325741218,0.16089905901216325
1851,58.87245333320858,0.1621752188930884
1852,58.909453409004996,0.163704060880661
1853,58.946453484801395,0.1652329028682336
1854,58.98322548763949,0.16658996979001417
1855,59.01995548988994,0.1679154036161501
1856,59.056054018189414,0.1693635729040865
1857,59.09170372625603,0.17089897644525381
1858,59.12761642637412,0.17238326394143033
1859,59.164076355078606,0.1737611901963241
1860,59.200518824236525,0.1751518420682569
1861,59.23670867939504,0.17672661493099262
1862,59.272898534553576,0.17830138779372837
1863,59.309740375577974,0.17986560047075195
1864,59.34674045137438,0.18142725022629824
1865,59.3831520305653,0.18305323998973377
1866,59.41907181217787,0.1847329977099852
1867,59.45491467410964,0.186392198664233
1868,59.49056438217625,0.18799977929494238
1869,59.526227520663284,0.18960784937246009
1870,59.562417375821816,0.19123511466395365
1871,59.59860723098034,0.19286237995544725
1872,59.63500367042447,0.19460006444720637
1873,59.67146359912895,0.19637168391778406
1874,59.708196287463444,0.19811016932251965
1875,59.74519636325986,0.19981617325715
1876,59.78226261440069,0.20157362546732902
1877,59.819532763743055,0.20348959911699077
1878,59.85680291308543,0.20540557276665258
1879,59.89407306242779,0.20723105511706202
1880,59.931343211770155,0.20905516701639756
1881,59.96822168121409,0.21093637511084107
1882,60.004951683464526,0.2128392256533134
1883,60.04218422762953,0.21474207619578572
1884,60.07999452406382,0.21664492673825805
1885,60.11763852747393,0.21858817889010138
1886,60.15463860327034,0.22068787604041568
1887,60.19163867906674,0.22278757319072998
1888,60.229659955196894,0.22477562307423618
1889,60.26774032517714,0.2267572122598453
1890,60.30526540831882,0.22891868056387316
1891,60.34253555766118,0.23116273189327155
1892,60.380265271572625,0.23332862598302967
1893,60.41861571509884,0.23538895381177558
1894,60.45678741193828,0.23748402346496428
1895,60.49405756128065,0.23975432100874164
1896,60.531327710623025,0.24202461855251897
1897,60.56859785996539,0.24415231799305018
1898,60.60586800930775,0.2462651382505539
1899,60.64296380737363,0.24847114918062038
1900,60.67996388317004,0.2507283236172082
1901,60.71706810577234,0.2530614068044549
1902,60.75433825511472,0.2555154278488847
1903,60.791574462121766,0.25795625459386956
1904,60.82857453791817,0.2603052907807837
1905,60.865574613714585,0.2626543269676978
1906,60.90304231233238,0.264980640957265
1907,60.9405825352207,0.2673034309298002
1908,60.9777955442288,0.2696977691268768
1909,61.014795620025204,0.2721386670641172
1910,61.051515488413,0.2746385655895001
1911,61.087705343571535,0.2772500639202035
1912,61.12391839672901,0.2798446540884034
1913,61.1603783254335,0.2822593058112649
1914,61.196838254137994,0.2846739575341263
1915,61.232628981619484,0.2874246189413561
1916,61.2682786896861,0.290246086987091
1917,61.30453984816771,0.29292642823636017
1918,61.34126985041816,0.29549855724549523
1919,61.377669220135935,0.29817109700920874
1920,61.413318928202536,0.30107130369808033
1921,61.44900599725692,0.3039660641788233
1922,61.4854659259614,0.30674816290298984
1923,61.52192585466588,0.30953026162715624
1924,61.55796113789445,0.31226077562392596
1925,61.59388091950703,0.3149772588121451
1926,61.63008493765435,0.31785257193961663
1927,61.666544866358834,0.3208708865931934
1928,61.70329245025055,0.32390667301470066
1929,61.74083267313886,0.32699060320422474
1930,61.77837289602719,0.3300736197597149
1931,61.815913118915525,0.3330131957701549
1932,61.853453341803835,0.3359527717805949
1933,61.890590407888965,0.33899029647985784
1934,61.92759048368538,0.34206110356219244
1935,61.96432781161977,0.34522766423856194
1936,62.00078774032425,0.3484953179287386
1937,62.0373700079496,0.35174811023397007
1938,62.074370083746004,0.3549501483881994
1939,62.11137015954242,0.3581521865424287
1940,62.14863127387464,0.3615825382848315
1941,62.185901423217004,0.3650207923684711
1942,62.223171572559366,0.3683941369061142
1943,62.26044172190174,0.3717405292394276
1944,62.29747061205481,0.37518656701049724
1945,62.33420061430526,0.37875605216603153
1946,62.37113231705197,0.3823304377223498
1947,62.40894261348625,0.385926169092263
1948,62.446752909920534,0.3895219004621762
1949,62.48356202955704,0.39321492792516793
1950,62.52029203180749,0.39691564415259684
1951,62.558102572431125,0.4005288532231441
1952,62.59645301595731,0.40409833837867837
1953,62.634034262675556,0.40780664844749287
1954,62.670494191380044,0.4117173343899532
1955,62.70703348165993,0.4156125953420543
1956,62.74403355745633,0.4194182964269989
1957,62.78103363325275,0.4232239975119436
1958,62.81779415918608,0.4271228180771902
1959,62.85452416143652,0.4310335040196506
1960,62.89142350907946,0.4349771045184755
1961,62.92842358487587,0.4389402828896937
1962,62.96522537882845,0.4429130959472009
1963,63.001685307532945,0.4469025205327981
1964,63.03811629978609,0.450914441873561
1965,63.07430615494462,0.4551138361741896
1966,63.11049601010316,0.4593132304748182
1967,63.14714347631511,0.46340144619103985
1968,63.18387347856556,0.4674696094197738
1969,63.22028627870375,0.47170731702337715
1970,63.25647613386227,0.47606418861027927
1971,63.292931178777444,0.48036951699861224
1972,63.32993125457386,0.48456891129924085
1973,63.366803985565504,0.48879305677669194
1974,63.4019135465402,0.4933598980786255
1975,63.4370231075149,0.4979267393805591
1976,63.47300491325095,0.5023664313003692
1977,63.509194768409486,0.506775795316029
1978,63.54523676684825,0.5113432180214232
1979,63.581156548460825,0.5160412903952515
1980,63.61738693907011,0.5207393627690798
1981,63.65438701486651,0.525437435142908
1982,63.69138709066292,0.5301355075167362
1983,63.72838716645933,0.5348335798905645
1984,63.76538724225574,0.5395316522643927
1985,63.802801951760095,0.5444513461536458
1986,63.84034217464841,0.5494381268856422
1987,63.87760817276995,0.554371608343239
1988,63.91460824856637,0.5592534042177197
1989,63.95167523227558,0.5642132268126802
1990,63.988945381617945,0.5694099772597081
1991,64.02621553096031,0.5746067277067359
1992,64.06375245729087,0.57964792305861
1993,64.1012926801792,0.5846871962193643
1994,64.13843975803232,0.5899175019531091
1995,64.17543983382872,0.5952192372576527
1996,64.21269264571917,0.6004964112313848
1997,64.2502328686075,0.6057456541071704
1998,64.28766076434295,0.6110713100121317
1999,64.32466084013934,0.6166879998892224
2000,64.36166091593576,0.622304689766313
2001,64.39968512233945,0.6276725626834219
2002,64.4377654923197,0.6330267904167233
2003,64.4747308932125,0.6386338456074939
2004,64.51119082191698,0.6443555203421004
2005,64.54822886917476,0.6500097760034367
2006,64.58603916560905,0.6555739734517697
2007,64.62366778508303,0.6611734822626499
2008,64.66039778733348,0.6669476494260141
2009,64.69712778958392,0.6727218165893785
2010,64.73483894509619,0.6784959837527428
2011,64.77264924153046,0.6842701509161071
2012,64.80993428643013,0.6900783479812931
2013,64.84693436222655,0.6959050075734152
2014,64.88403931739724,0.7017622442425901
2015,64.92130946673961,0.7076676424778491
2016,64.95854494117826,0.7135966290829783
2017,64.99554501697467,0.7196857508188896
2018,65.03254509277109,0.7257748725548011
2019,65.0695451685675,0.7319323744595424
2020,65.1065452443639,0.7381002348385907
2021,65.14305230163478,0.7441722704313386
2022,65.17924215679332,0.7501826535241134
2023,65.21505547180016,0.7563028150867694
2024,65.25016503277485,0.7626281527520913
2025,65.2853703160189,0.7689441879616923
2026,65.32156017117744,0.7751645407694985
2027,65.35775002633596,0.7813848935773046
2028,65.39393988149449,0.7879967326405962
2029,65.43012973665303,0.794689517307223
2030,65.46662678215583,0.8012031822395786
2031,65.50335678440628,0.8075810123336582
2032,65.53983661455207,0.8140641951119194
2033,65.57575639616464,0.8207832259929251
2034,65.61174210893208,0.8275022568739309
2035,65.64901225827444,0.8342212877549366
2036,65.68628240761682,0.8409403186359423
2037,65.72333950165282,0.8478664003491656
2038,65.76033957744923,0.8548478933739606
2039,65.7974825040814,0.8617738564334417
2040,65.83475265342376,0.868650364600721
2041,65.87202280276612,0.8755833519634822
2042,65.9092929521085,0.8826698298457929
2043,65.94656065955625,0.8897567823431877
2044,65.98356073535267,0.8968957526542563
2045,66.02056081114908,0.9040347229653248
2046,66.05776319791548,0.9112916588565593
2047,66.09503334725784,0.9185881064539014
2048,66.13269981609841,0.9258845540512436
2049,66.17078018607866,0.9331810016485858
2050,66.2086129479436,0.940477449245928
2051,66.24561302374,0.9477738968432702
2052,66.28261309953642,0.9550703444406123
2053,66.31961317533283,0.9626211608820889
2054,66.35661325112925,0.9701800449921516
2055,66.39399646019288,0.9777389472826604
2056,66.4315366830812,0.9852978570237919
2057,66.46883418164346,0.9929747086143261
2058,66.50583425743987,1.0007960804992468
2059,66.54298780631363,1.0085577932676035
2060,66.58079810274792,1.016064210579977
2061,66.61860839918221,1.0235706278923506
2062,66.65541458854516,1.0314673686532472
2063,66.69214459079562,1.0393937253956835
2064,66.72905541534332,1.0472146463962837
2065,66.76605549113972,1.0549835258524465
2066,66.80272371345612,1.0628384055625786
2067,66.83891356861464,1.070817254733773
2068,66.87522466384144,1.0787803941455556
2069,66.91222473963785,1.0866542584592342
2070,66.94922481543425,1.094528122772913
2071,66.98550404393627,1.1025420934606227
2072,67.0216938990948,1.110573435060575
2073,67.05754359833156,1.118703947483199
2074,67.09319330639818,1.1268927663694248
2075,67.12904276144539,1.1351009970127546
2076,67.16523261660392,1.143342308327738
2077,67.20142247176246,1.1515778530694043
2078,67.23761232692098,1.1597666719556299
2079,67.2738021820795,1.167955490841856
2080,67.31022157533313,1.1761889235463705
2081,67.34668150403762,1.184430234861354
2082,67.38266343186856,1.1929192952523566
2083,67.41831313993518,1.2015805459974034
2084,67.45431936461752,1.2101551794888703
2085,67.49104936686797,1.2185539680901276
2086,67.52770367038501,1.2269821828268195
2087,67.56335337845162,1.2358009108581394
2088,67.59900308651824,1.2446196388894597
2089,67.63618435089596,1.2531832138493755
2090,67.67372457378427,1.2616869873081484
2091,67.71067043952,1.270508444376177
2092,67.7471303682245,1.2795896345512863
2093,67.78390383619926,1.2886555895820682
2094,67.82144405908757,1.2976842873284196
2095,67.85896792128193,1.3067145750353122
2096,67.89596799707833,1.3157957652104215
2097,67.93296807287474,1.3248769553855306
2098,67.97038424751587,1.3339985827661525
2099,68.0079244704042,1.3431322653700197
2100,68.04546469329253,1.3523731160607906
2101,68.08300491618085,1.3617167683796894
2102,68.12040985810678,1.3710735675365273
2103,68.15740993390318,1.3804697122841836
2104,68.1944100096996,1.3898658570318403
2105,68.23194510460915,1.3992620017794968
2106,68.26948532749748,1.408658146527153
2107,68.30663094021382,1.418284384669555
2108,68.34363101601024,1.4279954839897588
2109,68.38101239365288,1.437632472163949
2110,68.41882269008715,1.4471860941978794
2111,68.45640540194212,1.45683924301577
2112,68.49313540419256,1.4668652969085205
2113,68.52986540644302,1.4768913508012713
2114,68.56736570435407,1.486518158481842
2115,68.60490592724241,1.4961242729445299
2116,68.64207302863149,1.5059479509636338
2117,68.67907310442789,1.515869019998869
2118,68.71642224906144,1.5257674736251545
2119,68.75423254549571,1.5356360502316317
2120,68.79190438650461,1.5455494779639238
2121,68.82890446230101,1.5556805167141903
2122,68.86590453809742,1.5658115554644565
2123,68.90339665566152,1.5758947767445888
2124,68.94093687854983,1.5859733230660975
2125,68.97777383578513,1.5960860416739537
2126,69.01423376448962,1.6062170804242204
2127,69.05079930513679,1.6163891733796092
2128,69.08752930738723,1.6266251969873915
2129,69.12418849469348,1.6368474567576243
2130,69.16037834985201,1.6469784955078905
2131,69.19656820501055,1.6571095342581572
2132,69.23228750707413,1.667469218827154
2133,69.26793721514075,1.6778627197212097
2134,69.30391706736114,1.6882241366353061
2135,69.34010692251967,1.6985651451006039
2136,69.37629677767819,1.7090167863429402
2137,69.41248663283673,1.719672749380785
2138,69.44875047740244,1.7303191251938572
2139,69.48575055319884,1.7408701033741865
2140,69.52275062899525,1.751421081554516
2141,69.55907710815835,1.7622339048789923
2142,69.59526696331687,1.7730998376318687
2143,69.63191980169698,1.7838457876904599
2144,69.66891987749338,1.794501750728305
2145,69.7059199532898,1.8052721671946437
2146,69.74292002908619,1.8162955772337936
2147,69.7799201048826,1.8273162819669455
2148,69.816920180679,1.8382871995773375
2149,69.85392025647542,1.8492581171877298
2150,69.89070654439709,1.8604367975529703
2151,69.92743654664754,1.8716701773071518
2152,69.96445371570631,1.8828756496941499
2153,70.00172386504867,1.8940565370195737
2154,70.03892063545746,1.905280210895187
2155,70.07592071125387,1.9166185755068843
2156,70.11293348490226,1.9279569401185814
2157,70.15101385488249,1.9392953047302788
2158,70.18909422486273,1.9506336693419757
2159,70.22676850776624,1.962090426687417
2160,70.26430873065456,1.973586268585388
2161,70.30158327540731,1.9851079295441538
2162,70.33858335120372,1.9966562638708822
2163,70.37558342700012,2.0082045981976107
2164,70.41258350279652,2.01975293252434
2165,70.44958357859292,2.0313012668510684
2166,70.48658365438934,2.0430536856657158
2167,70.52358373018573,2.054811989707476
2168,70.56058380598215,2.06638341405827
2169,70.59758388177856,2.077879255956241
2170,70.63446186284355,2.0895412131350577
2171,70.67119186509399,2.1014045020343337
2172,70.70802564786612,2.1132476197923693
2173,70.7452957972085,2.1250059238341295
2174,70.78256594655086,2.1367642278758896
2175,70.81882905854836,2.148767195995607
2176,70.85501891370689,2.160787962181156
2177,70.89247965292486,2.1726322902076807
2178,70.93056002290511,2.184390594249441
2179,70.96763823932986,2.196235468083275
2180,71.00328794739647,2.208203741840066
2181,71.03901994731203,2.2201800128610896
2182,71.07520980247055,2.232200779046639
2183,71.11139965762908,2.2442215452321883
2184,71.14758951278762,2.256289155926941
2185,71.18377936794614,2.268362414541248
2186,71.22014003363394,2.280435673155555
2187,71.25659996233844,2.2925089317698624
2188,71.29316049710161,2.30462129866743
2189,71.32989049935206,2.3167995421392527
2190,71.36649889525007,2.3290014214424506
2191,71.4021486033167,2.341389634629305
2192,71.4377983113833,2.353777847816159
2193,71.47390856077689,2.366121304800199
2194,71.51009841593542,2.378457025558295
2195,71.54628827109394,2.390886079373477
2196,71.58247812625248,2.403379277417847
2197,71.61893756657797,2.415872475462217
2198,71.65593764237437,2.4283656735065873
2199,71.6928984036673,2.440889436762601
2200,71.72935833237179,2.4538025742370344
2201,71.76581826107628,2.466715711711467
2202,71.80315629508924,2.4795008454966196
2203,71.84069651797755,2.4922565056847787
2204,71.8779380971528,2.5050702112982184
2205,71.91493817294922,2.517930856343894
2206,71.95233383567539,2.5308222564472764
2207,71.9906842792016,2.5437878863504673
2208,72.02901689689706,2.556760445633927
2209,72.06682719333133,2.569936045252149
2210,72.10463748976564,2.5831116448703715
2211,72.14223900420916,2.5963684036686705
2212,72.17977922709748,2.609648988144409
2213,72.21704229494547,2.6229026382138945
2214,72.25404237074189,2.6361307302608745
2215,72.29117919263746,2.6493854007527857
2216,72.32871941552578,2.662718477657281
2217,72.36625963841412,2.676051554561777
2218,72.40379986130243,2.6894889044011467
2219,72.44134008419076,2.702926966163158
2220,72.47848423177032,2.716518993059771
2221,72.51548430756674,2.730167024536814
2222,72.55274004973073,2.743665979414674
2223,72.59028027261907,2.7569990563191697
2224,72.62770523808096,2.770399338720129
2225,72.66470531387738,2.784047370197172
2226,72.70170538967378,2.7976954016742153
2227,72.73922046104737,2.8112433368291607
2228,72.7767606839357,2.824786383448688
2229,72.81355173355198,2.8384750419772637
2230,72.85001166225645,2.8522280583118227
2231,72.88693994635068,2.8658900434724788
2232,72.924480169239,2.879433090092006
2233,72.96178597024307,2.892976136711533
2234,72.99797582540161,2.90651918333106
2235,73.03416568056012,2.9200622299505876
2236,73.07060228917089,2.9337011962794355
2237,73.10706221787538,2.9473492277564786
2238,73.14334559759821,2.9610658885752694
2239,73.17953545275675,2.974818904909828
2240,73.21572530791528,2.9885719212443864
2241,73.2519151630738,3.0023249375789454
2242,73.28810501823233,3.0160498567003002
2243,73.32429487339087,3.0295929033198274
2244,73.3604847285494,3.0431359499393547
2245,73.39667458370792,3.0570459689450593
2246,73.43286443886645,3.07100895499465
2247,73.46905429402499,3.084843035586297
2248,73.50524414918351,3.0985960519208557
2249,73.54133840416735,3.112460555339609
2250,73.57725818577993,3.126528526246715
2251,73.61330494591306,3.1405866251599956
2252,73.65057509525543,3.1545496112095854
2253,73.6878452445978,3.1685125972591757
2254,73.72489012916067,3.1828258492438373
2255,73.76189020495707,3.1972087747234905
2256,73.7990453410624,3.211471147970754
2257,73.83631549040476,3.2256441037353754
2258,73.87341592807046,3.2399490024944844
2259,73.91014593032092,3.2545418976891685
2260,73.9469198866746,3.2691177067407065
2261,73.98446010956295,3.2833956473628434
2262,74.02200033245126,3.297673587984981
2263,74.05911151445333,3.3122016982200924
2264,74.09611159024973,3.326794593414777
2265,74.13340029799124,3.341387488609461
2266,74.17094052087957,3.3559803838041455
2267,74.20833252076396,3.3706020881346754
2268,74.24533259656037,3.3852999681868754
2269,74.28234439345093,3.3999963294708033
2270,74.3201546898852,3.4145892246654874
2271,74.35796498631949,3.429182119860172
2272,74.3951639544335,3.443854228313071
2273,74.43216403022991,3.4585521083652715
2274,74.46916410602631,3.4733019113081136
2275,74.50616418182273,3.488104776217829
2276,74.54329099195031,3.502883008604476
2277,74.58083121483865,3.5175808886566764
2278,74.61837143772696,3.532278768708876
2279,74.65512195189238,3.547078975774088
2280,74.69185195414283,3.5618818406838035
2281,74.72896801993406,3.576459595657204
2282,74.76623816927643,3.590947505994372
2283,74.80326266401917,3.605674147720869
2284,74.83999266626961,3.620686982345616
2285,74.87677529134929,3.635617993329193
2286,74.9137753671457,3.650210888523877
2287,74.95077544294212,3.6648037837185616
2288,74.98626056731088,3.679592979713717
2289,75.02164020183153,3.694395844623432
2290,75.05774898608828,3.709127849500486
2291,75.09420891479276,3.723825729552686
2292,75.13055676053382,3.738567179269975
2293,75.16674661569235,3.753370044179691
2294,75.20297834934374,3.7681729090894067
2295,75.23943827804823,3.782975773999123
2296,75.27589820675271,3.7977786389088384
2297,75.31211638788896,3.8127694513934713
2298,75.3483062430475,3.827782286018219
2299,75.38432455510836,3.8427951206429665
2300,75.42024433672093,3.8578079552677136
2301,75.45616411833352,3.8728208283622423
2302,75.49208389994608,3.8878337655112643
2303,75.52803481571515,3.9028829988954774
2304,75.56422467087368,3.9182107880927717
2305,75.60041452603221,3.9335385772900664
2306,75.63822140381383,3.9486867721379957
2307,75.67630177379408,3.9638045916202587
2308,75.71341735120659,3.9791724383309584
2309,75.74987727991108,3.9947101972432844
2310,75.7866995857784,4.010177523276538
2311,75.82423980866672,4.0255053124738325
2312,75.8617392519148,4.0408568798870155
2313,75.8987393277112,4.056499623656858
2314,75.93573940350761,4.072142367426699
2315,75.97340025599054,4.087785111196541
2316,76.01121055242481,4.103427854966382
2317,76.04872074000926,4.119128928930556
2318,76.08599088935162,4.134876657557914
2319,76.12318118873964,4.150593346358511
2320,76.16018126453605,4.166236090128352
2321,76.19716204936495,4.181882583357381
2322,76.23362197806942,4.197630311984739
2323,76.27008190677392,4.2133780406120955
2324,76.30779892283323,4.229125769239452
2325,76.34587929281348,4.244873497866809
2326,76.38354173252804,4.260621226494167
2327,76.4208118818704,4.276368955121525
2328,76.4582893480667,4.292116683748882
2329,76.49636971804694,4.307864412376238
2330,76.53445008802719,4.323612141003595
2331,76.57172353392738,4.339464427334879
2332,76.60899368326976,4.355317140819752
2333,76.64586629216659,4.371092586968271
2334,76.68259629441702,4.386840315595629
2335,76.71945486241967,4.4025380672542065
2336,76.75645493821607,4.418180811024048
2337,76.79327993016766,4.433846241395097
2338,76.82946978532618,4.4495939700224545
2339,76.86565964048472,4.4653416986498105
2340,76.90339887778515,4.481089427277168
2341,76.94120917421944,4.496837155904525
2342,76.97826736710812,4.512511793808306
2343,77.01499736935857,4.528154537578147
2344,77.05208083585647,4.543751480991986
2345,77.0896210587448,4.559289239904311
2346,77.12687557996168,4.574864018793497
2347,77.16279536157425,4.590611747420855
2348,77.19871514318685,4.606359476048213
2349,77.23463492479941,4.622203409153943
2350,77.27055470641199,4.638056122638816
2351,77.30629720647451,4.653771007902089
2352,77.34194691454111,4.6694137516719305
2353,77.3779178538461,4.685098119184999
2354,77.41437778255057,4.7008458478123565
2355,77.4508008386462,4.716636576566675
2356,77.48699069380473,4.732699259766579
2357,77.52318054896325,4.748761942966484
2358,77.55984388749027,4.764824626166388
2359,77.59657388974074,4.7808873093662925
2360,77.63347042920485,4.796949992566197
2361,77.67047050500125,4.813012675766101
2362,77.70747058079766,4.8291128060964565
2363,77.74447065659406,4.845280474153876
2364,77.78152298893548,4.861468455737052
2365,77.8190632118238,4.877846093509503
2366,77.85660343471213,4.894223731281954
2367,77.89323966820893,4.910777071560046
2368,77.92969959691342,4.927364679047529
2369,77.9664711113725,4.943770603879271
2370,78.00347118716891,4.960043256794207
2371,78.04038567455859,4.976415721262165
2372,78.07711567680906,4.993003328749648
2373,78.11389183086791,5.009602896537333
2374,78.15143205375622,5.026400473739847
2375,78.18897227664456,5.043198050942362
2376,78.22608199350987,5.059911953504832
2377,78.26308206930626,5.076604545849831
2378,78.30037224218454,5.0932971381948295
2379,78.33791246507286,5.109989730539828
2380,78.37530299982049,5.126711416789725
2381,78.41230307561689,5.143508993992239
2382,78.44930779101307,5.160306571194753
2383,78.48657794035543,5.177104148397268
2384,78.5238480896978,5.193901725599782
2385,78.56111823904017,5.210699302802296
2386,78.59838838838255,5.227496880004811
2387,78.6352556251112,5.24424224954763
2388,78.6717155538157,5.26093484189263
2389,78.70843188145612,5.277602516945507
2390,78.74597210434443,5.29419012443299
2391,78.78351232723276,5.3107777319204725
2392,78.81999667488365,5.327775786536212
2393,78.85645660358813,5.344783333453758
2394,78.89369158964774,5.361489594713339
2395,78.93123181253605,5.3780772022008225
2396,78.96790711634702,5.394664809688305
2397,79.00355682441364,5.411252417175788
2398,79.0394199540707,5.427840024663271
2399,79.07614995632115,5.444427632150754
2400,79.1128799585716,5.461015239638237
2401,79.14910351187605,5.47760284712572
2402,79.18529336703459,5.494190454613204
2403,79.22203228220036,5.5107780621006865
2404,79.25903235799676,5.527365669588169
2405,79.29546835613402,5.543953277075652
2406,79.33111806420062,5.560540884563134
2407,79.36685299438973,5.577128492050617
2408,79.40304284954827,5.5937160995381
2409,79.4392327047068,5.610303707025583
2410,79.47542255986532,5.626985573069577
2411,79.51161241502386,5.643678165414577
2412,79.54797454584843,5.660437725948513
2413,79.58443447455292,5.677235303151027
2414,79.62109854564832,5.693993202532177
2415,79.65809862144474,5.710685794877175
2416,79.69513056396602,5.72741554958355
2417,79.7324007133084,5.744423096501095
2418,79.76967086265076,5.761430643418641
2419,79.80670927619286,5.778528272279922
2420,79.84370935198928,5.795640804054983
2421,79.88070942778569,5.812816127406206
2422,79.91770950358209,5.830033644038783
2423,79.95498355995578,5.847180158254184
2424,79.99279385639005,5.86418770517173
2425,80.03058303043582,5.881211673771306
2426,80.06812325332416,5.898429190403883
2427,80.10566347621248,5.915646707036461
2428,80.1434246905647,5.9329501289999955
2429,80.18123498699899,5.950272630490089
2430,80.21844213546004,5.967653746943567
2431,80.25517213771047,5.985081233291176
2432,80.29222447005185,6.002477395042972
2433,80.33003476648611,6.0197998965330655
2434,80.36781392876397,6.037122398023158
2435,80.40481400456038,6.054444899513251
2436,80.44181408035678,6.071767401003345
2437,80.47923465040823,6.089089902493437
2438,80.51677487329655,6.10641240398353
2439,80.5543150961849,6.123680467123014
2440,80.59185531907322,6.1408979837555915
2441,80.62939554196154,6.158088352405133
2442,80.66693576484988,6.175200884180194
2443,80.70447598773819,6.192313415955256
2444,80.74174650336478,6.209425947730318
2445,80.77901665270714,6.226538479505379
2446,80.8158877964672,6.2437285633858455
2447,80.85261779871765,6.260946080018424
2448,80.88947709928868,6.278012811437503
2449,80.92647717508508,6.294915373497534
2450,80.96318178163153,6.311863878298082
2451,80.99883148969813,6.328976410073143
2452,81.03448119776476,6.346088941848205
2453,81.07116675753285,6.362899476042661
2454,81.10789675978329,6.3796970532451756
2455,81.14387172821458,6.396714756925576
2456,81.17952143628119,6.413827288700638
2457,81.21552680630043,6.430847650225588
2458,81.2519867350049,6.4477502122856185
2459,81.28834996468214,6.464652774345648
2460,81.32426974629472,6.481555336405679
2461,81.36018952790728,6.498457898465708
2462,81.39635752810887,6.5155534390205885
2463,81.43254738326739,6.532665970795651
2464,81.4685592243075,6.549916900330417
2465,81.50447900592007,6.56723940182051
2466,81.54093783577184,6.584478086286044
2467,81.5782079851142,6.601590618061105
2468,81.61547813445657,6.618717767980873
2469,81.65274828379893,6.63593528461345
2470,81.69001843314129,6.653152801246028
2471,81.72705110823102,6.670554943147903
2472,81.76405118402745,6.687982429495511
2473,81.80121852960589,6.7053448935760445
2474,81.83848867894827,6.7226673950661375
2475,81.87566176297916,6.740065360355236
2476,81.91266183877558,6.75759783156036
2477,81.94968877541288,6.775109419701625
2478,81.98695892475524,6.792431921191717
2479,82.0242290740976,6.809754422681811
2480,82.06149922343997,6.827253196215649
2481,82.09876937278233,6.844785667420774
2482,82.13635257301607,6.862257292971599
2483,82.17416286945036,6.879684779319207
2484,82.21154156100913,6.897112265666816
2485,82.2480014897136,6.914539752014424
2486,82.28455811744523,6.931954708523726
2487,82.32263848742546,6.949172225156303
2488,82.36071885740571,6.966389741788881
2489,82.39767880219024,6.983897836688876
2490,82.4343581656508,7.001478699351761
2491,82.47164798750666,7.018920103045274
2492,82.50945828394094,7.036242604535367
2493,82.54704185045904,7.05353572735151
2494,82.58404192625544,7.070753243984087
2495,82.62104200205184,7.0879686723102875
2496,82.65804207784824,7.105081204085349
2497,82.69504215364466,7.12219373586041
2498,82.73183698819753,7.139306267635472
2499,82.76856699044798,7.156418799410534
2500,82.80516195592548,7.173583823614341
2501,82.84162188462994,7.190801340246919
2502,82.87821147793919,7.207968452757149
2503,82.9152115537356,7.224975999674695
2504,82.952211629532,7.241983546592241
2505,82.98788819843968,7.259093990060903
2506,83.02353790650628,7.276206521835964
2507,83.05957660838722,7.293167841243939
2508,83.09576646354576,7.31007040330397
2509,83.13195631870428,7.32706959699594
2510,83.16814617386282,7.344182128771002
2511,83.20444420495335,7.361231584200872
2512,83.2411742072038,7.378029161403386
2513,83.27790420945425,7.3948267386059
2514,83.31361838353918,7.411821755685094
2515,83.34926809160578,7.428829302602639
2516,83.38491779967241,7.445836849520186
2517,83.42056750773901,7.462844396437731
2518,83.45644431200606,7.479940221761665
2519,83.49263416716458,7.497157738394242
2520,83.52895405321202,7.5143584061911985
2521,83.56595412900842,7.53147093796626
2522,83.60295420480485,7.548583469741321
2523,83.63995428060124,7.5657905448419465
2524,83.67695435639764,7.583008061474523
2525,83.71395443219404,7.600292831065091
2526,83.75095450799046,7.617615332555184
2527,83.78805738755072,7.634977796635694
2528,83.82532753689308,7.6524052829833025
2529,83.86249988835564,7.669832769330911
2530,83.89895981706013,7.68726025567852
2531,83.93541974576462,7.704687742026128
2532,83.97304201631233,7.722205595086525
2533,84.01085231274662,7.739738066291649
2534,84.04833808138477,7.757459889728401
2535,84.08560823072713,7.775307520554623
2536,84.12287838006951,7.793047723553435
2537,84.16014852941187,7.8105801947585585
2538,84.19739682379736,7.828129657183817
2539,84.23439689959376,7.845872098103974
2540,84.27139697539016,7.863614539024129
2541,84.30994911941251,7.881184599744264
2542,84.34883971003063,7.89871707094939
2543,84.38666966371689,7.916426241351826
2544,84.42366973951329,7.9342736671294976
2545,84.46099507567415,7.95205787417744
2546,84.4990754456544,7.96969533024008
2547,84.53711137315251,7.987328467305428
2548,84.57411144894891,8.004860938510554
2549,84.61111152474533,8.022393409715677
2550,84.64874453962946,8.039761853946334
2551,84.68655483606375,8.057084355436427
2552,84.72380203159672,8.074461580046181
2553,84.76053203384716,8.09188906639379
2554,84.79733260685235,8.10928911998931
2555,84.83433268264878,8.126611621479402
2556,84.87133202587684,8.143933695815953
2557,84.90779195458134,8.160941242733498
2558,84.94425188328583,8.177948789651044
2559,84.98011110591169,8.195189847191962
2560,85.0157608139783,8.212512348682054
2561,85.05193064560075,8.229733757158378
2562,85.0886606478512,8.24684628893344
2563,85.12515134442813,8.263958820708503
2564,85.16080105249475,8.281071352483563
2565,85.19645076056135,8.298183884258625
2566,85.23313925060299,8.31509451477518
2567,85.26986925285343,8.331997076835208
2568,85.30584129101119,8.349120619680281
2569,85.34149099907779,8.366338136312859
2570,85.37773713990737,8.383509283051328
2571,85.41473721570378,8.40062181482639
2572,85.45159004525415,8.41777250565452
2573,85.48777990041269,8.435095007144614
2574,85.52396975557122,8.452417508634706
2575,85.56090646420192,8.469740010124799
2576,85.59790653999832,8.487062511614893
2577,85.63472786910792,8.504454496753889
2578,85.67145787135837,8.5218819831015
2579,85.70829641582505,8.539309469449107
2580,85.74529649162145,8.556736955796715
2581,85.7823349051635,8.574164442144326
2582,85.81960505450586,8.591591928491933
2583,85.85687520384823,8.609019414839542
2584,85.8943835600116,8.62635430378345
2585,85.93192378289994,8.643676805273541
2586,85.96980001048915,8.661129920835892
2587,86.0078803804694,8.678662392041018
2588,86.04566735681007,8.696232879914694
2589,86.08293750615243,8.713870335977335
2590,86.12023524890408,8.73147561313703
2591,86.15777547179239,8.748798114627123
2592,86.19531569468072,8.766120616117215
2593,86.23217353011509,8.783619959189158
2594,86.26890353236553,8.801152430394282
2595,86.30594805064413,8.818562640752702
2596,86.3432181999865,8.835885142242796
2597,86.38040129578536,8.853241483788668
2598,86.41740137158178,8.870668970136277
2599,86.454435145524,8.888076807419267
2600,86.49197536841233,8.90518933919433
2601,86.52951559130065,8.92230187096939
2602,86.56640565974412,8.939498646922601
2603,86.60313566199456,8.956716163555178
2604,86.64015869160043,8.973933680187756
2605,86.6774288409428,8.991151196820333
2606,86.7145463718709,9.008339050009909
2607,86.75127637412136,9.025451581784969
2608,86.78800027163527,9.0425617404846
2609,86.82446020033976,9.059569287402148
2610,86.86092012904423,9.076576834319694
2611,86.89696811012489,9.093664448802611
2612,86.93288789173747,9.110776980577674
2613,86.9686719040087,9.127889512352734
2614,87.0043216120753,9.145002044127795
2615,87.04016801475419,9.16208908907263
2616,87.07662794345867,9.179096635990177
2617,87.11308787216316,9.196104182907723
2618,87.14901693297539,9.213318092465606
2619,87.18493671458795,9.230535609098181
2620,87.22124695515163,9.24760134382557
2621,87.25770688385612,9.264608890743114
2622,87.2937917375457,9.28181084000075
2623,87.3294414456123,9.299238326348359
2624,87.36531043581647,9.31662319226107
2625,87.40204043806693,9.333840708893646
2626,87.43877044031737,9.351058225526222
2627,87.47499106334828,9.368473751573584
2628,87.51118091850682,9.385901237921193
2629,87.54847768450045,9.403400438608621
2630,87.58628798093473,9.420932909813745
2631,87.62398399670042,9.438509804991115
2632,87.66152421958873,9.456147261053756
2633,87.69906444247707,9.473767583511723
2634,87.73660466536539,9.491300054716847
2635,87.77414488825372,9.50883252592197
2636,87.81119722059525,9.52645982522171
2637,87.84819729639166,9.544097281284351
2638,87.88519737218806,9.561802275074033
2639,87.92219744798447,9.579544715994189
2640,87.95940459644534,9.597246909554878
2641,87.99694481933368,9.614884365617517
2642,88.03441837849869,9.632547735663948
2643,88.0714184542951,9.65039516144162
2644,88.1084185300915,9.668242587219293
2645,88.14588500776198,9.685999361515124
2646,88.1834252306503,9.70374180243528
2647,88.22063946060572,9.721610965583968
2648,88.25763953640212,9.739563376219156
2649,88.29510357217788,9.757407574614263
2650,88.33345401570409,9.775045030676903
2651,88.37169152160385,9.792691267118665
2652,88.40869159740026,9.81043370803882
2653,88.44569167319666,9.828176148958976
2654,88.48335911879506,9.845745640141006
2655,88.52116941522935,9.863278111346132
2656,88.55852295527339,9.880988136055723
2657,88.59552303106979,9.898835561833396
2658,88.6326872021852,9.916587305209315
2659,88.67022742507352,9.934119776414441
2660,88.70770843201727,9.951652247619565
2661,88.7438982871758,9.96918471882469
2662,88.78008814233432,9.986717190029815
2663,88.81691313428574,10.004085064722368
2664,88.85391321008215,10.02140756621246
2665,88.8904887624974,10.038730067702552
2666,88.92667861765594,10.056052569192646
2667,88.9629397761376,10.073375070682738
2668,88.99939970484209,10.09069757217283
2669,89.03585743584148,10.10801921935579
2670,89.07177721745404,10.125131751130851
2671,89.1076969990666,10.142244282905912
2672,89.1430138768954,10.159591179611503
2673,89.1781234378701,10.177018665959112
2674,89.21375605267419,10.194344489754847
2675,89.24994590783272,10.211562006387425
2676,89.28601464501772,10.228850145745094
2677,89.32166435308432,10.246382616950216
2678,89.35731406115093,10.263915088155342
2679,89.39452633759039,10.281143853165547
2680,89.43179648693277,10.298361369798124
2681,89.46849596550044,10.315874666553634
2682,89.50495589420494,10.333512122616275
2683,89.54189589939335,10.351056269352595
2684,89.57943612228168,10.368483755700204
2685,89.6168767158692,10.385969334934574
2686,89.6538767916656,10.40371177585473
2687,89.69087686746201,10.421454216774885
2688,89.72837631070996,10.43900254012398
2689,89.7659165335983,10.456535011329105
2690,89.80273883946585,10.4742767877881
2691,89.83919876817033,10.492124213565772
2692,89.87587724644405,10.50992916129306
2693,89.91287732224045,10.527671602213216
2694,89.94987739803685,10.54539885545056
2695,89.98687747383327,10.563036311513201
2696,90.02387754962967,10.580673767575842
2697,90.06111656481549,10.598496987983989
2698,90.09838671415787,10.61634441376166
2699,90.13565686350023,10.63412624773415
2700,90.17292701284259,10.651868688654305
2701,90.2102956926332,10.669649431012068
2702,90.24783591552153,10.687496856789739
2703,90.28540446438751,10.705322260427344
2704,90.3232147608218,10.722959716489985
2705,90.36102505725609,10.740597172552624
2706,90.39837896358428,10.758589450855172
2707,90.43564911292665,10.776646846347875
2708,90.47323524343395,10.79445858107096
2709,90.51104553986822,10.812096037133601
2710,90.54841690574312,10.829767618021073
2711,90.5848768344476,10.847510058941229
2712,90.62140708971728,10.865238830946868
2713,90.6589473126056,10.882771302151994
2714,90.69648753549393,10.900303773357118
2715,90.73337540623224,10.917920773509444
2716,90.77010540848269,10.935558229572083
2717,90.8074243957175,10.953081208475467
2718,90.84523469215179,10.970508694823076
2719,90.88258273793302,10.987936181170685
2720,90.91877259309155,11.005363667518294
2721,90.95496244825007,11.022788496021422
2722,90.9911523034086,11.040110997511514
2723,91.02734215856712,11.057433499001606
2724,91.06311860096504,11.074836352826123
2725,91.09876830903166,11.092263839173732
2726,91.13441801709826,11.109691325521341
2727,91.17006772516488,11.127118811868948
2728,91.20604892042721,11.144468983418724
2729,91.24304899622362,11.161581515193784
2730,91.28004907202002,11.178694046968847
2731,91.31545214872929,11.196220443100792
2732,91.35083178324996,11.213752914305916
2733,91.38699526594635,11.23128538551104
2734,91.42345519465086,11.248817856716165
2735,91.45978936578199,11.266448098629438
2736,91.49597922094051,11.284190539549593
2737,91.53244684161292,11.301889790496746
2738,91.56998706450125,11.319422261701872
2739,91.60752728738956,11.336954732906994
2740,91.64430124374343,11.354785072541453
2741,91.68103124599389,11.372632498319124
2742,91.71813168365948,11.390551923205667
2743,91.75540183300184,11.408504333840854
2744,91.79221192939626,11.42650145321734
2745,91.82840178455477,11.444558848710043
2746,91.86490530107817,11.462581407455296
2747,91.9029856710584,11.480428833232967
2748,91.94106604103865,11.498276259010638
2749,91.97841237749354,11.516313910515645
2750,92.0156825268359,11.534371306008348
2751,92.05312714954948,11.552564346493241
2752,92.0906673724378,11.570831711700976
2753,92.12799905752489,11.58909907690871
2754,92.1649991333213,11.607366442116444
2755,92.20206733797778,11.62562056556323
2756,92.2396075608661,11.643782945913449
2757,92.27714778375444,11.661945326263668
2758,92.31468800664277,11.680016770362995
2759,92.35222822953108,11.698074165855697
2760,92.38944099434973,11.716258853115036
2761,92.42644107014615,11.73452621832277
2762,92.46372171963532,11.752684516983269
2763,92.5015320160696,11.770636927618458
2764,92.53924903212919,11.788589338253644
2765,92.57597903437964,11.806541748888831
2766,92.61270903663008,11.824494159524018
2767,92.65033179555672,11.842273050882975
2768,92.68814209199103,11.860015491803132
2769,92.72503448023448,11.877876871264371
2770,92.76122433539302,11.895829281899559
2771,92.79766253123522,11.913717334728808
2772,92.83466260703162,11.931459775648964
2773,92.87159980404151,11.949197328033723
2774,92.90724951210811,11.966834784096363
2775,92.94289922017472,11.984472240159004
2776,92.9789738179067,12.002109696221645
2777,93.01516367306523,12.019747152284284
2778,93.05163800894798,12.037384608346924
2779,93.08836801119841,12.055022064409565
2780,93.12502597755734,12.072687522762397
2781,93.16148590626183,12.090429963682553
2782,93.19794766638726,12.10817169268009
2783,93.2346776686377,12.12580914874273
2784,93.27140767088815,12.143446604805371
2785,93.30773427214598,12.161240873693133
2786,93.34392412730449,12.179088299470804
2787,93.38050847054024,12.196986841293466
2788,93.41750854633663,12.214939251928653
2789,93.45432474746758,12.232915488241256
2790,93.49051460262612,12.250972883733958
2791,93.52670445778466,12.269030279226662
2792,93.56367779483476,12.286884634384647
2793,93.60067787063116,12.30473206016232
2794,93.63729603410769,12.322876405139132
2795,93.67375596281218,12.341143770346866
2796,93.71069889827413,12.35936419612239
2797,93.74823912116246,12.377526576472606
2798,93.78557715517563,12.395708605887467
2799,93.82203708388012,12.413975971095201
2800,93.85849701258462,12.432243336302935
2801,93.89595860646574,12.450413357956087
2802,93.93349882935408,12.468575738306306
2803,93.9710390522424,12.486878225030543
2804,94.00857927513073,12.505250575095792
2805,94.04611949801907,12.523665687980479
2806,94.08365972090739,12.542143022903245
2807,94.12104073226604,12.560604885374147
2808,94.15750066097053,12.578977235439398
2809,94.193960589675,12.597349585504647
2810,94.23089986229508,12.615815102511704
2811,94.2678999380915,12.634292437434468
2812,94.30523894886234,12.652703895783002
2813,94.34277917175065,12.671076245848253
2814,94.38031939463897,12.689525768326822
2815,94.41785961752731,12.708108088107103
2816,94.4554288989617,12.726656520370126
2817,94.49323919539597,12.74492388557786
2818,94.53104949183026,12.763191250785594
2819,94.56794407777883,12.781547606322357
2820,94.60467408002927,12.799919956387608
2821,94.64156280543057,12.818292306452857
2822,94.67856288122698,12.836664656518106
2823,94.71529740098259,12.855037006583357
2824,94.75148725614112,12.873409356648608
2825,94.7877320539287,12.891767468261238
2826,94.8247321297251,12.909929848611457
2827,94.86173220552152,12.928092228961676
2828,94.89807773146273,12.946339423028146
2829,94.93426758662127,12.96460678823588
2830,94.97016148415084,12.982816630094934
2831,95.00581119221744,13.000979010445153
2832,95.04146090028406,13.01917162377648
2833,95.07711060835068,13.037438988984213
2834,95.11279059591055,13.05570635419195
2835,95.149520598161,13.073973719399683
2836,95.18625060041144,13.092241084607418
2837,95.22256572476452,13.110589086918628
2838,95.25875557992305,13.128961436983877
2839,95.29480820060346,13.14738713378503
2840,95.33072798221602,13.165864468707797
2841,95.36684885385118,13.184367859998893
2842,95.40357885610163,13.202950179779174
2843,95.44030885835207,13.221532499559457
2844,95.4765050624367,13.240114819339738
2845,95.51269491759524,13.258697139120018
2846,95.5498682458154,13.2775088403724
2847,95.58740846870371,13.296406114725228
2848,95.62444273102507,13.31540172932431
2849,95.66090265972957,13.334508973392172
2850,95.6975877311187,13.353594337704477
2851,95.73512795400703,13.372596596914823
2852,95.77266817689537,13.391598856125166
2853,95.80918378079753,13.410800263826504
2854,95.84564370950201,13.43001249275188
2855,95.8834052901382,13.449224721677256
2856,95.9217557336644,13.468436950602632
2857,95.95975893977447,13.487694173038358
2858,95.99729916266281,13.50701138682125
2859,96.03483938555114,13.526310897461364
2860,96.07237960843945,13.54552312638674
2861,96.10991983132777,13.564735355312115
2862,96.14696923339577,13.58413837950293
2863,96.18396930919216,13.60356057814334
2864,96.22096938498859,13.622914669518597
2865,96.25796946078499,13.64223188330149
2866,96.29496953658139,13.661589913981954
2867,96.3319696123778,13.681012112622364
2868,96.36896968817422,13.700420784732769
2869,96.40596976397062,13.719737998515662
2870,96.44296983976702,13.739055212298553
2871,96.48090857985864,13.7582812050615
2872,96.5189889498389,13.777493433986875
2873,96.55641147340624,13.796961385521733
2874,96.59341154920264,13.816593553877173
2875,96.63060013926435,13.836079161093421
2876,96.66814036215266,13.855291390018797
2877,96.70563247971688,13.87452231877862
2878,96.74263255551328,13.89394451741903
2879,96.77963263130968,13.913366716059436
2880,96.81708055058098,13.932701870292675
2881,96.85462077346929,13.952019084075568
2882,96.89185356182391,13.971276543818865
2883,96.9288536376203,13.99048877274424
2884,96.965937226213,14.009668537997594
2885,97.00320737555536,14.028775782065456
2886,97.04042429159495,14.047883026133317
2887,97.07661414675349,14.066990270201176
2888,97.11280400191202,14.086097514269037
2889,97.14942021187268,14.105287626131288
2890,97.18615021412313,14.124499855056664
2891,97.22202237879065,14.143712083982038
2892,97.25713193976534,14.162924312907414
2893,97.29253257457967,14.182108254773546
2894,97.3287224297382,14.201215498841407
2895,97.36491741287537,14.220322742909264
2896,97.40164741512581,14.239429986977125
2897,97.43837741737627,14.258537231044986
2898,97.47490498656202,14.277801857476074
2899,97.5113649152665,14.297119071258965
2900,97.54808930115922,14.316436285041858
2901,97.58508937695565,14.335753498824749
2902,97.62190338038143,14.355118933500577
2903,97.65809323553995,14.3746461169985
2904,97.69428309069849,14.394173300496423
2905,97.73230619824943,14.413700483994345
2906,97.7703865682297,14.433227667492268
2907,97.80770018329659,14.452978394696705
2908,97.84470025909299,14.472820532767175
2909,97.88182181914715,14.492568222435114
2910,97.91909196848952,14.512200390790554
2911,97.95636211783189,14.531852492979684
2912,97.99363226717425,14.551589646192639
2913,98.03090241651662,14.571326799405593
2914,98.06817256585899,14.590966324294914
2915,98.10544271520135,14.610598492650352
2916,98.14235097575978,14.630512012830037
2917,98.17908097801023,14.650564120615538
2918,98.21614320002485,14.670444038047087
2919,98.25368342291317,14.690076206402525
2920,98.29114257489988,14.709708374757962
2921,98.32814265069628,14.729340543113402
2922,98.3651427264927,14.74897271146884
2923,98.40262361134147,14.76851142811342
2924,98.44016383422979,14.788038611611345
2925,98.47702325689572,14.807631956452552
2926,98.5134831856002,14.827264124807991
2927,98.54984311871966,14.846857422187718
2928,98.5860329738782,14.86638460568564
2929,98.62225262015116,14.885877047359147
2930,98.65871254885566,14.905089276284523
2931,98.69517247756016,14.924301505209899
2932,98.73140274607482,14.9438708345276
2933,98.76759260123335,14.963503002883039
2934,98.80410136783036,14.982887232316443
2935,98.84083137008079,15.00209946124182
2936,98.87720436733663,15.021381078893066
2937,98.91285407540326,15.040803277533472
2938,98.94850378346986,15.060203264187793
2939,98.98415349153646,15.079310508255654
2940,99.01980319960307,15.098417752323513
2941,99.0558907393766,15.117865390332595
2942,99.09208059453512,15.137392573830518
2943,99.12871658384225,15.156804141092975
2944,99.16571665963865,15.176121354875868
2945,99.2024812146982,15.19543856865876
2946,99.23867106985674,15.214755782441651
2947,99.27486092501528,15.234069768841955
2948,99.3110507801738,15.253281997767331
2949,99.34724063533231,15.272494226692707
2950,99.38363866200794,15.29130184625544
2951,99.42009859071243,15.309989150893237
2952,99.45642055237042,15.328408298006257
2953,99.49261040752896,15.346570678356477
2954,99.52913907556706,15.364337941645957
2955,99.56667929845537,15.38092554913344
2956,99.60421952134371,15.397513156620922
2957,99.63908342771909,15.412956372207828
2958,99.67392291514783,15.428389146262639
2959,99.70747912590194,15.442133524602902
2960,99.74056313528193,15.455256631792365
2961,99.77161158129984,15.467291731353887
2962,99.80037441394448,15.478105171678008
2963,99.8281679365168,15.488408827936187
2964,99.85233951888016,15.496807616537444
2965,99.8765111012435,15.505206405138699
2966,99.89528804999338,15.511308436405336
2967,99.91378808789159,15.517292573283731
2968,99.92654762832618,15.521789052899125
2969,99.93674290468613,15.525621000198448
2970,99.944652292961,15.528434186211213
2971,99.94954737598151,15.529903974216431
